p-C101-P2C15-I4-V1.txt
2
15
20
30
1.5
10 1 2 3 4 5 6 7 8 9 10
10 11 12 13 14 15 16 17 18 19 20
2 1 2
5 1 2 3 4 5
5 1 2 3 4 5
5 1 2 3 4 5
4 1 2 3 4
1 1
2 1 2
5 1 2 3 4 5
5 1 2 3 4 5
3 1 2 3
4 1 2 3 4
3 1 2 3
5 1 2 3 4 5
4 1 2 3 4
2 1 2
0.339935 1.31191 0.333333 1.20185 0.405518 0.654896 1.34371 1.2693 0.533333 0.504425 1.11006 0.669992 0.687184 0.433333 0.633333 
0.81172 0.333333 0.87496 0.179505 0.792324 0.477261 0.339935 0.34801 0.67082 0.773161 0.133333 0.558768 0.784573 0.69602 0.632456 
0.339935 0.81172 
1.31191 0.333333 
0.333333 0.87496 
1.20185 0.179505 
0.405518 0.792324 
0.654896 0.477261 
1.34371 0.339935 
1.2693 0.34801 
0.533333 0.67082 
0.504425 0.773161 
1.11006 0.133333 
0.669992 0.558768 
0.687184 0.784573 
0.433333 0.69602 
0.633333 0.632456 
1
2 0.166667 0.166667
5 0.166667 0.166667 0.166667 0.166667 0.166667
5 0.166667 0.166667 0.166667 0.166667 0.166667
5 0.166667 0.166667 0.166667 0.166667 0.166667
4 0.166667 0.166667 0.166667 0.166667
1 0.166667
2 0.166667 0.166667
5 0.166667 0.166667 0.166667 0.166667 0.166667
5 0.166667 0.166667 0.166667 0.166667 0.166667
3 0.166667 0.166667 0.166667
4 0.166667 0.166667 0.166667 0.166667
3 0.166667 0.166667 0.166667
5 0.166667 0.166667 0.166667 0.166667 0.166667
4 0.166667 0.166667 0.166667 0.166667
2 0.166667 0.166667
2
2 0.166667 0.166667
5 0.166667 0.166667 0.166667 0.166667 0.166667
5 0.166667 0.166667 0.166667 0.166667 0.166667
5 0.166667 0.166667 0.166667 0.166667 0.166667
4 0.166667 0.166667 0.166667 0.166667
1 0.166667
2 0.166667 0.166667
5 0.166667 0.166667 0.166667 0.166667 0.166667
5 0.166667 0.166667 0.166667 0.166667 0.166667
3 0.166667 0.166667 0.166667
4 0.166667 0.166667 0.166667 0.166667
3 0.166667 0.166667 0.166667
5 0.166667 0.166667 0.166667 0.166667 0.166667
4 0.166667 0.166667 0.166667 0.166667
2 0.166667 0.166667
3
2 0.166667 0.166667
5 0.166667 0.166667 0.166667 0.166667 0.166667
5 0.166667 0.166667 0.166667 0.166667 0.166667
5 0.166667 0.166667 0.166667 0.166667 0.166667
4 0.166667 0.166667 0.166667 0.166667
1 0.166667
2 0.166667 0.166667
5 0.166667 0.166667 0.166667 0.166667 0.166667
5 0.166667 0.166667 0.166667 0.166667 0.166667
3 0.166667 0.166667 0.166667
4 0.166667 0.166667 0.166667 0.166667
3 0.166667 0.166667 0.166667
5 0.166667 0.166667 0.166667 0.166667 0.166667
4 0.166667 0.166667 0.166667 0.166667
2 0.166667 0.166667
4
2 0.166667 0.166667
5 0.166667 0.166667 0.166667 0.166667 0.166667
5 0.166667 0.166667 0.166667 0.166667 0.166667
5 0.166667 0.166667 0.166667 0.166667 0.166667
4 0.166667 0.166667 0.166667 0.166667
1 0.166667
2 0.166667 0.166667
5 0.166667 0.166667 0.166667 0.166667 0.166667
5 0.166667 0.166667 0.166667 0.166667 0.166667
3 0.166667 0.166667 0.166667
4 0.166667 0.166667 0.166667 0.166667
3 0.166667 0.166667 0.166667
5 0.166667 0.166667 0.166667 0.166667 0.166667
4 0.166667 0.166667 0.166667 0.166667
2 0.166667 0.166667
5
2 0.166667 0.166667
5 0.166667 0.166667 0.166667 0.166667 0.166667
5 0.166667 0.166667 0.166667 0.166667 0.166667
5 0.166667 0.166667 0.166667 0.166667 0.166667
4 0.166667 0.166667 0.166667 0.166667
1 0.166667
2 0.166667 0.166667
5 0.166667 0.166667 0.166667 0.166667 0.166667
5 0.166667 0.166667 0.166667 0.166667 0.166667
3 0.166667 0.166667 0.166667
4 0.166667 0.166667 0.166667 0.166667
3 0.166667 0.166667 0.166667
5 0.166667 0.166667 0.166667 0.166667 0.166667
4 0.166667 0.166667 0.166667 0.166667
2 0.166667 0.166667
6
2 0.166667 0.166667
5 0.166667 0.166667 0.166667 0.166667 0.166667
5 0.166667 0.166667 0.166667 0.166667 0.166667
5 0.166667 0.166667 0.166667 0.166667 0.166667
4 0.166667 0.166667 0.166667 0.166667
1 0.166667
2 0.166667 0.166667
5 0.166667 0.166667 0.166667 0.166667 0.166667
5 0.166667 0.166667 0.166667 0.166667 0.166667
3 0.166667 0.166667 0.166667
4 0.166667 0.166667 0.166667 0.166667
3 0.166667 0.166667 0.166667
5 0.166667 0.166667 0.166667 0.166667 0.166667
4 0.166667 0.166667 0.166667 0.166667
2 0.166667 0.166667
7
2 0.166667 0.166667
5 0.166667 0.166667 0.166667 0.166667 0.166667
5 0.166667 0.166667 0.166667 0.166667 0.166667
5 0.166667 0.166667 0.166667 0.166667 0.166667
4 0.166667 0.166667 0.166667 0.166667
1 0.166667
2 0.166667 0.166667
5 0.166667 0.166667 0.166667 0.166667 0.166667
5 0.166667 0.166667 0.166667 0.166667 0.166667
3 0.166667 0.166667 0.166667
4 0.166667 0.166667 0.166667 0.166667
3 0.166667 0.166667 0.166667
5 0.166667 0.166667 0.166667 0.166667 0.166667
4 0.166667 0.166667 0.166667 0.166667
2 0.166667 0.166667
8
2 0.166667 0.166667
5 0.166667 0.166667 0.166667 0.166667 0.166667
5 0.166667 0.166667 0.166667 0.166667 0.166667
5 0.166667 0.166667 0.166667 0.166667 0.166667
4 0.166667 0.166667 0.166667 0.166667
1 0.166667
2 0.166667 0.166667
5 0.166667 0.166667 0.166667 0.166667 0.166667
5 0.166667 0.166667 0.166667 0.166667 0.166667
3 0.166667 0.166667 0.166667
4 0.166667 0.166667 0.166667 0.166667
3 0.166667 0.166667 0.166667
5 0.166667 0.166667 0.166667 0.166667 0.166667
4 0.166667 0.166667 0.166667 0.166667
2 0.166667 0.166667
9
2 0.166667 0.166667
5 0.166667 0.166667 0.166667 0.166667 0.166667
5 0.166667 0.166667 0.166667 0.166667 0.166667
5 0.166667 0.166667 0.166667 0.166667 0.166667
4 0.166667 0.166667 0.166667 0.166667
1 0.166667
2 0.166667 0.166667
5 0.166667 0.166667 0.166667 0.166667 0.166667
5 0.166667 0.166667 0.166667 0.166667 0.166667
3 0.166667 0.166667 0.166667
4 0.166667 0.166667 0.166667 0.166667
3 0.166667 0.166667 0.166667
5 0.166667 0.166667 0.166667 0.166667 0.166667
4 0.166667 0.166667 0.166667 0.166667
2 0.166667 0.166667
10
2 0.166667 0.166667
5 0.166667 0.166667 0.166667 0.166667 0.166667
5 0.166667 0.166667 0.166667 0.166667 0.166667
5 0.166667 0.166667 0.166667 0.166667 0.166667
4 0.166667 0.166667 0.166667 0.166667
1 0.166667
2 0.166667 0.166667
5 0.166667 0.166667 0.166667 0.166667 0.166667
5 0.166667 0.166667 0.166667 0.166667 0.166667
3 0.166667 0.166667 0.166667
4 0.166667 0.166667 0.166667 0.166667
3 0.166667 0.166667 0.166667
5 0.166667 0.166667 0.166667 0.166667 0.166667
4 0.166667 0.166667 0.166667 0.166667
2 0.166667 0.166667
11
2 0.166667 0.166667
5 0.166667 0.166667 0.166667 0.166667 0.166667
5 0.166667 0.166667 0.166667 0.166667 0.166667
5 0.166667 0.166667 0.166667 0.166667 0.166667
4 0.166667 0.166667 0.166667 0.166667
1 0.166667
2 0.166667 0.166667
5 0.166667 0.166667 0.166667 0.166667 0.166667
5 0.166667 0.166667 0.166667 0.166667 0.166667
3 0.166667 0.166667 0.166667
4 0.166667 0.166667 0.166667 0.166667
3 0.166667 0.166667 0.166667
5 0.166667 0.166667 0.166667 0.166667 0.166667
4 0.166667 0.166667 0.166667 0.166667
2 0.166667 0.166667
12
2 0.166667 0.166667
5 0.166667 0.166667 0.166667 0.166667 0.166667
5 0.166667 0.166667 0.166667 0.166667 0.166667
5 0.166667 0.166667 0.166667 0.166667 0.166667
4 0.166667 0.166667 0.166667 0.166667
1 0.166667
2 0.166667 0.166667
5 0.166667 0.166667 0.166667 0.166667 0.166667
5 0.166667 0.166667 0.166667 0.166667 0.166667
3 0.166667 0.166667 0.166667
4 0.166667 0.166667 0.166667 0.166667
3 0.166667 0.166667 0.166667
5 0.166667 0.166667 0.166667 0.166667 0.166667
4 0.166667 0.166667 0.166667 0.166667
2 0.166667 0.166667
13
2 0.166667 0.166667
5 0.166667 0.166667 0.166667 0.166667 0.166667
5 0.166667 0.166667 0.166667 0.166667 0.166667
5 0.166667 0.166667 0.166667 0.166667 0.166667
4 0.166667 0.166667 0.166667 0.166667
1 0.166667
2 0.166667 0.166667
5 0.166667 0.166667 0.166667 0.166667 0.166667
5 0.166667 0.166667 0.166667 0.166667 0.166667
3 0.166667 0.166667 0.166667
4 0.166667 0.166667 0.166667 0.166667
3 0.166667 0.166667 0.166667
5 0.166667 0.166667 0.166667 0.166667 0.166667
4 0.166667 0.166667 0.166667 0.166667
2 0.166667 0.166667
14
2 0.166667 0.166667
5 0.166667 0.166667 0.166667 0.166667 0.166667
5 0.166667 0.166667 0.166667 0.166667 0.166667
5 0.166667 0.166667 0.166667 0.166667 0.166667
4 0.166667 0.166667 0.166667 0.166667
1 0.166667
2 0.166667 0.166667
5 0.166667 0.166667 0.166667 0.166667 0.166667
5 0.166667 0.166667 0.166667 0.166667 0.166667
3 0.166667 0.166667 0.166667
4 0.166667 0.166667 0.166667 0.166667
3 0.166667 0.166667 0.166667
5 0.166667 0.166667 0.166667 0.166667 0.166667
4 0.166667 0.166667 0.166667 0.166667
2 0.166667 0.166667
15
2 0.166667 0.166667
5 0.166667 0.166667 0.166667 0.166667 0.166667
5 0.166667 0.166667 0.166667 0.166667 0.166667
5 0.166667 0.166667 0.166667 0.166667 0.166667
4 0.166667 0.166667 0.166667 0.166667
1 0.166667
2 0.166667 0.166667
5 0.166667 0.166667 0.166667 0.166667 0.166667
5 0.166667 0.166667 0.166667 0.166667 0.166667
3 0.166667 0.166667 0.166667
4 0.166667 0.166667 0.166667 0.166667
3 0.166667 0.166667 0.166667
5 0.166667 0.166667 0.166667 0.166667 0.166667
4 0.166667 0.166667 0.166667 0.166667
2 0.166667 0.166667
16
2 0.166667 0.166667
5 0.166667 0.166667 0.166667 0.166667 0.166667
5 0.166667 0.166667 0.166667 0.166667 0.166667
5 0.166667 0.166667 0.166667 0.166667 0.166667
4 0.166667 0.166667 0.166667 0.166667
1 0.166667
2 0.166667 0.166667
5 0.166667 0.166667 0.166667 0.166667 0.166667
5 0.166667 0.166667 0.166667 0.166667 0.166667
3 0.166667 0.166667 0.166667
4 0.166667 0.166667 0.166667 0.166667
3 0.166667 0.166667 0.166667
5 0.166667 0.166667 0.166667 0.166667 0.166667
4 0.166667 0.166667 0.166667 0.166667
2 0.166667 0.166667
17
2 0.166667 0.166667
5 0.166667 0.166667 0.166667 0.166667 0.166667
5 0.166667 0.166667 0.166667 0.166667 0.166667
5 0.166667 0.166667 0.166667 0.166667 0.166667
4 0.166667 0.166667 0.166667 0.166667
1 0.166667
2 0.166667 0.166667
5 0.166667 0.166667 0.166667 0.166667 0.166667
5 0.166667 0.166667 0.166667 0.166667 0.166667
3 0.166667 0.166667 0.166667
4 0.166667 0.166667 0.166667 0.166667
3 0.166667 0.166667 0.166667
5 0.166667 0.166667 0.166667 0.166667 0.166667
4 0.166667 0.166667 0.166667 0.166667
2 0.166667 0.166667
18
2 0.166667 0.166667
5 0.166667 0.166667 0.166667 0.166667 0.166667
5 0.166667 0.166667 0.166667 0.166667 0.166667
5 0.166667 0.166667 0.166667 0.166667 0.166667
4 0.166667 0.166667 0.166667 0.166667
1 0.166667
2 0.166667 0.166667
5 0.166667 0.166667 0.166667 0.166667 0.166667
5 0.166667 0.166667 0.166667 0.166667 0.166667
3 0.166667 0.166667 0.166667
4 0.166667 0.166667 0.166667 0.166667
3 0.166667 0.166667 0.166667
5 0.166667 0.166667 0.166667 0.166667 0.166667
4 0.166667 0.166667 0.166667 0.166667
2 0.166667 0.166667
19
2 0.166667 0.166667
5 0.166667 0.166667 0.166667 0.166667 0.166667
5 0.166667 0.166667 0.166667 0.166667 0.166667
5 0.166667 0.166667 0.166667 0.166667 0.166667
4 0.166667 0.166667 0.166667 0.166667
1 0.166667
2 0.166667 0.166667
5 0.166667 0.166667 0.166667 0.166667 0.166667
5 0.166667 0.166667 0.166667 0.166667 0.166667
3 0.166667 0.166667 0.166667
4 0.166667 0.166667 0.166667 0.166667
3 0.166667 0.166667 0.166667
5 0.166667 0.166667 0.166667 0.166667 0.166667
4 0.166667 0.166667 0.166667 0.166667
2 0.166667 0.166667
20
2 0.166667 0.166667
5 0.166667 0.166667 0.166667 0.166667 0.166667
5 0.166667 0.166667 0.166667 0.166667 0.166667
5 0.166667 0.166667 0.166667 0.166667 0.166667
4 0.166667 0.166667 0.166667 0.166667
1 0.166667
2 0.166667 0.166667
5 0.166667 0.166667 0.166667 0.166667 0.166667
5 0.166667 0.166667 0.166667 0.166667 0.166667
3 0.166667 0.166667 0.166667
4 0.166667 0.166667 0.166667 0.166667
3 0.166667 0.166667 0.166667
5 0.166667 0.166667 0.166667 0.166667 0.166667
4 0.166667 0.166667 0.166667 0.166667
2 0.166667 0.166667
0.0833333 0.0833333 
0.166667 0.166667 0.166667 0.166667 0.166667 0.166667 0.166667 0.166667 0.166667 0.166667 0.166667 0.166667 0.166667 0.166667 0.166667 
13.5 11 8.5 8 8 10.5 15 8 8.5 14.5 13.5 11 8 14 13.5 
14.6667 14.1667 11.6667 11.1667 10.5 11 16.1667 11.1667 11.6667 16.3333 16 12.8333 11.1667 16.5 14.6667 
7 7 
18 18 
