p-C101-P2C15-I3-V1.txt
2
15
20
30
1.5
10 1 2 3 4 5 6 7 8 9 10
10 11 12 13 14 15 16 17 18 19 20
2 1 2
5 1 2 3 4 5
5 1 2 3 4 5
2 1 2
1 1
4 1 2 3 4
2 1 2
3 1 2 3
5 1 2 3 4 5
2 1 2
1 1
3 1 2 3
1 1
3 1 2 3
3 1 2 3
0.433333 0.603692 0.654896 1.02686 0.537484 0.5 0.333333 0.603692 1.30171 0.633333 0.558768 0.622718 1.31191 0.687184 1.2693 
0.141421 0.778175 0.657436 0.773161 0.734091 0.0666667 0.179505 0.687184 0.991071 0.755719 0.573488 0.85375 1.10454 0.896908 1.1 
0.433333 0.141421 
0.603692 0.778175 
0.654896 0.657436 
1.02686 0.773161 
0.537484 0.734091 
0.5 0.0666667 
0.333333 0.179505 
0.603692 0.687184 
1.30171 0.991071 
0.633333 0.755719 
0.558768 0.573488 
0.622718 0.85375 
1.31191 1.10454 
0.687184 0.896908 
1.2693 1.1 
1
2 0.166667 0.166667
5 0.166667 0.166667 0.166667 0.166667 0.166667
5 0.166667 0.166667 0.166667 0.166667 0.166667
2 0.166667 0.166667
1 0.166667
4 0.166667 0.166667 0.166667 0.166667
2 0.166667 0.166667
3 0.166667 0.166667 0.166667
5 0.166667 0.166667 0.166667 0.166667 0.166667
2 0.166667 0.166667
1 0.166667
3 0.166667 0.166667 0.166667
1 0.166667
3 0.166667 0.166667 0.166667
3 0.166667 0.166667 0.166667
2
2 0.166667 0.166667
5 0.166667 0.166667 0.166667 0.166667 0.166667
5 0.166667 0.166667 0.166667 0.166667 0.166667
2 0.166667 0.166667
1 0.166667
4 0.166667 0.166667 0.166667 0.166667
2 0.166667 0.166667
3 0.166667 0.166667 0.166667
5 0.166667 0.166667 0.166667 0.166667 0.166667
2 0.166667 0.166667
1 0.166667
3 0.166667 0.166667 0.166667
1 0.166667
3 0.166667 0.166667 0.166667
3 0.166667 0.166667 0.166667
3
2 0.166667 0.166667
5 0.166667 0.166667 0.166667 0.166667 0.166667
5 0.166667 0.166667 0.166667 0.166667 0.166667
2 0.166667 0.166667
1 0.166667
4 0.166667 0.166667 0.166667 0.166667
2 0.166667 0.166667
3 0.166667 0.166667 0.166667
5 0.166667 0.166667 0.166667 0.166667 0.166667
2 0.166667 0.166667
1 0.166667
3 0.166667 0.166667 0.166667
1 0.166667
3 0.166667 0.166667 0.166667
3 0.166667 0.166667 0.166667
4
2 0.166667 0.166667
5 0.166667 0.166667 0.166667 0.166667 0.166667
5 0.166667 0.166667 0.166667 0.166667 0.166667
2 0.166667 0.166667
1 0.166667
4 0.166667 0.166667 0.166667 0.166667
2 0.166667 0.166667
3 0.166667 0.166667 0.166667
5 0.166667 0.166667 0.166667 0.166667 0.166667
2 0.166667 0.166667
1 0.166667
3 0.166667 0.166667 0.166667
1 0.166667
3 0.166667 0.166667 0.166667
3 0.166667 0.166667 0.166667
5
2 0.166667 0.166667
5 0.166667 0.166667 0.166667 0.166667 0.166667
5 0.166667 0.166667 0.166667 0.166667 0.166667
2 0.166667 0.166667
1 0.166667
4 0.166667 0.166667 0.166667 0.166667
2 0.166667 0.166667
3 0.166667 0.166667 0.166667
5 0.166667 0.166667 0.166667 0.166667 0.166667
2 0.166667 0.166667
1 0.166667
3 0.166667 0.166667 0.166667
1 0.166667
3 0.166667 0.166667 0.166667
3 0.166667 0.166667 0.166667
6
2 0.166667 0.166667
5 0.166667 0.166667 0.166667 0.166667 0.166667
5 0.166667 0.166667 0.166667 0.166667 0.166667
2 0.166667 0.166667
1 0.166667
4 0.166667 0.166667 0.166667 0.166667
2 0.166667 0.166667
3 0.166667 0.166667 0.166667
5 0.166667 0.166667 0.166667 0.166667 0.166667
2 0.166667 0.166667
1 0.166667
3 0.166667 0.166667 0.166667
1 0.166667
3 0.166667 0.166667 0.166667
3 0.166667 0.166667 0.166667
7
2 0.166667 0.166667
5 0.166667 0.166667 0.166667 0.166667 0.166667
5 0.166667 0.166667 0.166667 0.166667 0.166667
2 0.166667 0.166667
1 0.166667
4 0.166667 0.166667 0.166667 0.166667
2 0.166667 0.166667
3 0.166667 0.166667 0.166667
5 0.166667 0.166667 0.166667 0.166667 0.166667
2 0.166667 0.166667
1 0.166667
3 0.166667 0.166667 0.166667
1 0.166667
3 0.166667 0.166667 0.166667
3 0.166667 0.166667 0.166667
8
2 0.166667 0.166667
5 0.166667 0.166667 0.166667 0.166667 0.166667
5 0.166667 0.166667 0.166667 0.166667 0.166667
2 0.166667 0.166667
1 0.166667
4 0.166667 0.166667 0.166667 0.166667
2 0.166667 0.166667
3 0.166667 0.166667 0.166667
5 0.166667 0.166667 0.166667 0.166667 0.166667
2 0.166667 0.166667
1 0.166667
3 0.166667 0.166667 0.166667
1 0.166667
3 0.166667 0.166667 0.166667
3 0.166667 0.166667 0.166667
9
2 0.166667 0.166667
5 0.166667 0.166667 0.166667 0.166667 0.166667
5 0.166667 0.166667 0.166667 0.166667 0.166667
2 0.166667 0.166667
1 0.166667
4 0.166667 0.166667 0.166667 0.166667
2 0.166667 0.166667
3 0.166667 0.166667 0.166667
5 0.166667 0.166667 0.166667 0.166667 0.166667
2 0.166667 0.166667
1 0.166667
3 0.166667 0.166667 0.166667
1 0.166667
3 0.166667 0.166667 0.166667
3 0.166667 0.166667 0.166667
10
2 0.166667 0.166667
5 0.166667 0.166667 0.166667 0.166667 0.166667
5 0.166667 0.166667 0.166667 0.166667 0.166667
2 0.166667 0.166667
1 0.166667
4 0.166667 0.166667 0.166667 0.166667
2 0.166667 0.166667
3 0.166667 0.166667 0.166667
5 0.166667 0.166667 0.166667 0.166667 0.166667
2 0.166667 0.166667
1 0.166667
3 0.166667 0.166667 0.166667
1 0.166667
3 0.166667 0.166667 0.166667
3 0.166667 0.166667 0.166667
11
2 0.166667 0.166667
5 0.166667 0.166667 0.166667 0.166667 0.166667
5 0.166667 0.166667 0.166667 0.166667 0.166667
2 0.166667 0.166667
1 0.166667
4 0.166667 0.166667 0.166667 0.166667
2 0.166667 0.166667
3 0.166667 0.166667 0.166667
5 0.166667 0.166667 0.166667 0.166667 0.166667
2 0.166667 0.166667
1 0.166667
3 0.166667 0.166667 0.166667
1 0.166667
3 0.166667 0.166667 0.166667
3 0.166667 0.166667 0.166667
12
2 0.166667 0.166667
5 0.166667 0.166667 0.166667 0.166667 0.166667
5 0.166667 0.166667 0.166667 0.166667 0.166667
2 0.166667 0.166667
1 0.166667
4 0.166667 0.166667 0.166667 0.166667
2 0.166667 0.166667
3 0.166667 0.166667 0.166667
5 0.166667 0.166667 0.166667 0.166667 0.166667
2 0.166667 0.166667
1 0.166667
3 0.166667 0.166667 0.166667
1 0.166667
3 0.166667 0.166667 0.166667
3 0.166667 0.166667 0.166667
13
2 0.166667 0.166667
5 0.166667 0.166667 0.166667 0.166667 0.166667
5 0.166667 0.166667 0.166667 0.166667 0.166667
2 0.166667 0.166667
1 0.166667
4 0.166667 0.166667 0.166667 0.166667
2 0.166667 0.166667
3 0.166667 0.166667 0.166667
5 0.166667 0.166667 0.166667 0.166667 0.166667
2 0.166667 0.166667
1 0.166667
3 0.166667 0.166667 0.166667
1 0.166667
3 0.166667 0.166667 0.166667
3 0.166667 0.166667 0.166667
14
2 0.166667 0.166667
5 0.166667 0.166667 0.166667 0.166667 0.166667
5 0.166667 0.166667 0.166667 0.166667 0.166667
2 0.166667 0.166667
1 0.166667
4 0.166667 0.166667 0.166667 0.166667
2 0.166667 0.166667
3 0.166667 0.166667 0.166667
5 0.166667 0.166667 0.166667 0.166667 0.166667
2 0.166667 0.166667
1 0.166667
3 0.166667 0.166667 0.166667
1 0.166667
3 0.166667 0.166667 0.166667
3 0.166667 0.166667 0.166667
15
2 0.166667 0.166667
5 0.166667 0.166667 0.166667 0.166667 0.166667
5 0.166667 0.166667 0.166667 0.166667 0.166667
2 0.166667 0.166667
1 0.166667
4 0.166667 0.166667 0.166667 0.166667
2 0.166667 0.166667
3 0.166667 0.166667 0.166667
5 0.166667 0.166667 0.166667 0.166667 0.166667
2 0.166667 0.166667
1 0.166667
3 0.166667 0.166667 0.166667
1 0.166667
3 0.166667 0.166667 0.166667
3 0.166667 0.166667 0.166667
16
2 0.166667 0.166667
5 0.166667 0.166667 0.166667 0.166667 0.166667
5 0.166667 0.166667 0.166667 0.166667 0.166667
2 0.166667 0.166667
1 0.166667
4 0.166667 0.166667 0.166667 0.166667
2 0.166667 0.166667
3 0.166667 0.166667 0.166667
5 0.166667 0.166667 0.166667 0.166667 0.166667
2 0.166667 0.166667
1 0.166667
3 0.166667 0.166667 0.166667
1 0.166667
3 0.166667 0.166667 0.166667
3 0.166667 0.166667 0.166667
17
2 0.166667 0.166667
5 0.166667 0.166667 0.166667 0.166667 0.166667
5 0.166667 0.166667 0.166667 0.166667 0.166667
2 0.166667 0.166667
1 0.166667
4 0.166667 0.166667 0.166667 0.166667
2 0.166667 0.166667
3 0.166667 0.166667 0.166667
5 0.166667 0.166667 0.166667 0.166667 0.166667
2 0.166667 0.166667
1 0.166667
3 0.166667 0.166667 0.166667
1 0.166667
3 0.166667 0.166667 0.166667
3 0.166667 0.166667 0.166667
18
2 0.166667 0.166667
5 0.166667 0.166667 0.166667 0.166667 0.166667
5 0.166667 0.166667 0.166667 0.166667 0.166667
2 0.166667 0.166667
1 0.166667
4 0.166667 0.166667 0.166667 0.166667
2 0.166667 0.166667
3 0.166667 0.166667 0.166667
5 0.166667 0.166667 0.166667 0.166667 0.166667
2 0.166667 0.166667
1 0.166667
3 0.166667 0.166667 0.166667
1 0.166667
3 0.166667 0.166667 0.166667
3 0.166667 0.166667 0.166667
19
2 0.166667 0.166667
5 0.166667 0.166667 0.166667 0.166667 0.166667
5 0.166667 0.166667 0.166667 0.166667 0.166667
2 0.166667 0.166667
1 0.166667
4 0.166667 0.166667 0.166667 0.166667
2 0.166667 0.166667
3 0.166667 0.166667 0.166667
5 0.166667 0.166667 0.166667 0.166667 0.166667
2 0.166667 0.166667
1 0.166667
3 0.166667 0.166667 0.166667
1 0.166667
3 0.166667 0.166667 0.166667
3 0.166667 0.166667 0.166667
20
2 0.166667 0.166667
5 0.166667 0.166667 0.166667 0.166667 0.166667
5 0.166667 0.166667 0.166667 0.166667 0.166667
2 0.166667 0.166667
1 0.166667
4 0.166667 0.166667 0.166667 0.166667
2 0.166667 0.166667
3 0.166667 0.166667 0.166667
5 0.166667 0.166667 0.166667 0.166667 0.166667
2 0.166667 0.166667
1 0.166667
3 0.166667 0.166667 0.166667
1 0.166667
3 0.166667 0.166667 0.166667
3 0.166667 0.166667 0.166667
0.0833333 0.0833333 
0.166667 0.166667 0.166667 0.166667 0.166667 0.166667 0.166667 0.166667 0.166667 0.166667 0.166667 0.166667 0.166667 0.166667 0.166667 
10.5 8.5 10 14.5 8 11 8.5 13.5 8.5 9.5 9.5 9.5 9 14.5 14 
11.3333 10.8333 12.3333 15.3333 8.33333 12.8333 9.33333 14.8333 10.8333 10.3333 9.83333 10.8333 9.33333 15.8333 15.3333 
7 7 
18 18 
