p-C101-P1C5-I4-V2.txt
1
5
10
30
1.5
10 1 2 3 4 5 6 7 8 9 10
1 1
4 1 2 3 4
1 1
1 1
2 1 2
1.17851 0.433333 0.537484 0.654896 0.339935 
1.17851 
0.433333 
0.537484 
0.654896 
0.339935 
1
1 0.166667
4 0.166667 0.166667 0.166667 0.166667
1 0.166667
1 0.166667
2 0.166667 0.166667
2
1 0.166667
4 0.166667 0.166667 0.166667 0.166667
1 0.166667
1 0.166667
2 0.166667 0.166667
3
1 0.166667
4 0.166667 0.166667 0.166667 0.166667
1 0.166667
1 0.166667
2 0.166667 0.166667
4
1 0.166667
4 0.166667 0.166667 0.166667 0.166667
1 0.166667
1 0.166667
2 0.166667 0.166667
5
1 0.166667
4 0.166667 0.166667 0.166667 0.166667
1 0.166667
1 0.166667
2 0.166667 0.166667
6
1 0.166667
4 0.166667 0.166667 0.166667 0.166667
1 0.166667
1 0.166667
2 0.166667 0.166667
7
1 0.166667
4 0.166667 0.166667 0.166667 0.166667
1 0.166667
1 0.166667
2 0.166667 0.166667
8
1 0.166667
4 0.166667 0.166667 0.166667 0.166667
1 0.166667
1 0.166667
2 0.166667 0.166667
9
1 0.166667
4 0.166667 0.166667 0.166667 0.166667
1 0.166667
1 0.166667
2 0.166667 0.166667
10
1 0.166667
4 0.166667 0.166667 0.166667 0.166667
1 0.166667
1 0.166667
2 0.166667 0.166667
0.0833333 
0.166667 0.166667 0.166667 0.166667 0.166667 
15 9.5 14 11 13.5 
15.5 12 14.5 11.5 14.6667 
7 
18 
