p-C101-P2C10-I4-V1.txt
2
10
20
30
1.5
10 1 2 3 4 5 6 7 8 9 10
10 11 12 13 14 15 16 17 18 19 20
4 1 2 3 4
1 1
1 1
4 1 2 3 4
5 1 2 3 4 5
4 1 2 3 4
1 1
3 1 2 3
2 1 2
1 1
0.654896 1.2693 0.504425 0.533333 1.11006 0.405518 0.537484 0.603692 1.31191 1.02686 
0.105409 0.661648 0.74012 0.149071 0.687184 0.686375 0.188562 0.0666667 0.731057 0.558768 
0.654896 0.105409 
1.2693 0.661648 
0.504425 0.74012 
0.533333 0.149071 
1.11006 0.687184 
0.405518 0.686375 
0.537484 0.188562 
0.603692 0.0666667 
1.31191 0.731057 
1.02686 0.558768 
1
4 0.166667 0.166667 0.166667 0.166667
1 0.166667
1 0.166667
4 0.166667 0.166667 0.166667 0.166667
5 0.166667 0.166667 0.166667 0.166667 0.166667
4 0.166667 0.166667 0.166667 0.166667
1 0.166667
3 0.166667 0.166667 0.166667
2 0.166667 0.166667
1 0.166667
2
4 0.166667 0.166667 0.166667 0.166667
1 0.166667
1 0.166667
4 0.166667 0.166667 0.166667 0.166667
5 0.166667 0.166667 0.166667 0.166667 0.166667
4 0.166667 0.166667 0.166667 0.166667
1 0.166667
3 0.166667 0.166667 0.166667
2 0.166667 0.166667
1 0.166667
3
4 0.166667 0.166667 0.166667 0.166667
1 0.166667
1 0.166667
4 0.166667 0.166667 0.166667 0.166667
5 0.166667 0.166667 0.166667 0.166667 0.166667
4 0.166667 0.166667 0.166667 0.166667
1 0.166667
3 0.166667 0.166667 0.166667
2 0.166667 0.166667
1 0.166667
4
4 0.166667 0.166667 0.166667 0.166667
1 0.166667
1 0.166667
4 0.166667 0.166667 0.166667 0.166667
5 0.166667 0.166667 0.166667 0.166667 0.166667
4 0.166667 0.166667 0.166667 0.166667
1 0.166667
3 0.166667 0.166667 0.166667
2 0.166667 0.166667
1 0.166667
5
4 0.166667 0.166667 0.166667 0.166667
1 0.166667
1 0.166667
4 0.166667 0.166667 0.166667 0.166667
5 0.166667 0.166667 0.166667 0.166667 0.166667
4 0.166667 0.166667 0.166667 0.166667
1 0.166667
3 0.166667 0.166667 0.166667
2 0.166667 0.166667
1 0.166667
6
4 0.166667 0.166667 0.166667 0.166667
1 0.166667
1 0.166667
4 0.166667 0.166667 0.166667 0.166667
5 0.166667 0.166667 0.166667 0.166667 0.166667
4 0.166667 0.166667 0.166667 0.166667
1 0.166667
3 0.166667 0.166667 0.166667
2 0.166667 0.166667
1 0.166667
7
4 0.166667 0.166667 0.166667 0.166667
1 0.166667
1 0.166667
4 0.166667 0.166667 0.166667 0.166667
5 0.166667 0.166667 0.166667 0.166667 0.166667
4 0.166667 0.166667 0.166667 0.166667
1 0.166667
3 0.166667 0.166667 0.166667
2 0.166667 0.166667
1 0.166667
8
4 0.166667 0.166667 0.166667 0.166667
1 0.166667
1 0.166667
4 0.166667 0.166667 0.166667 0.166667
5 0.166667 0.166667 0.166667 0.166667 0.166667
4 0.166667 0.166667 0.166667 0.166667
1 0.166667
3 0.166667 0.166667 0.166667
2 0.166667 0.166667
1 0.166667
9
4 0.166667 0.166667 0.166667 0.166667
1 0.166667
1 0.166667
4 0.166667 0.166667 0.166667 0.166667
5 0.166667 0.166667 0.166667 0.166667 0.166667
4 0.166667 0.166667 0.166667 0.166667
1 0.166667
3 0.166667 0.166667 0.166667
2 0.166667 0.166667
1 0.166667
10
4 0.166667 0.166667 0.166667 0.166667
1 0.166667
1 0.166667
4 0.166667 0.166667 0.166667 0.166667
5 0.166667 0.166667 0.166667 0.166667 0.166667
4 0.166667 0.166667 0.166667 0.166667
1 0.166667
3 0.166667 0.166667 0.166667
2 0.166667 0.166667
1 0.166667
11
4 0.166667 0.166667 0.166667 0.166667
1 0.166667
1 0.166667
4 0.166667 0.166667 0.166667 0.166667
5 0.166667 0.166667 0.166667 0.166667 0.166667
4 0.166667 0.166667 0.166667 0.166667
1 0.166667
3 0.166667 0.166667 0.166667
2 0.166667 0.166667
1 0.166667
12
4 0.166667 0.166667 0.166667 0.166667
1 0.166667
1 0.166667
4 0.166667 0.166667 0.166667 0.166667
5 0.166667 0.166667 0.166667 0.166667 0.166667
4 0.166667 0.166667 0.166667 0.166667
1 0.166667
3 0.166667 0.166667 0.166667
2 0.166667 0.166667
1 0.166667
13
4 0.166667 0.166667 0.166667 0.166667
1 0.166667
1 0.166667
4 0.166667 0.166667 0.166667 0.166667
5 0.166667 0.166667 0.166667 0.166667 0.166667
4 0.166667 0.166667 0.166667 0.166667
1 0.166667
3 0.166667 0.166667 0.166667
2 0.166667 0.166667
1 0.166667
14
4 0.166667 0.166667 0.166667 0.166667
1 0.166667
1 0.166667
4 0.166667 0.166667 0.166667 0.166667
5 0.166667 0.166667 0.166667 0.166667 0.166667
4 0.166667 0.166667 0.166667 0.166667
1 0.166667
3 0.166667 0.166667 0.166667
2 0.166667 0.166667
1 0.166667
15
4 0.166667 0.166667 0.166667 0.166667
1 0.166667
1 0.166667
4 0.166667 0.166667 0.166667 0.166667
5 0.166667 0.166667 0.166667 0.166667 0.166667
4 0.166667 0.166667 0.166667 0.166667
1 0.166667
3 0.166667 0.166667 0.166667
2 0.166667 0.166667
1 0.166667
16
4 0.166667 0.166667 0.166667 0.166667
1 0.166667
1 0.166667
4 0.166667 0.166667 0.166667 0.166667
5 0.166667 0.166667 0.166667 0.166667 0.166667
4 0.166667 0.166667 0.166667 0.166667
1 0.166667
3 0.166667 0.166667 0.166667
2 0.166667 0.166667
1 0.166667
17
4 0.166667 0.166667 0.166667 0.166667
1 0.166667
1 0.166667
4 0.166667 0.166667 0.166667 0.166667
5 0.166667 0.166667 0.166667 0.166667 0.166667
4 0.166667 0.166667 0.166667 0.166667
1 0.166667
3 0.166667 0.166667 0.166667
2 0.166667 0.166667
1 0.166667
18
4 0.166667 0.166667 0.166667 0.166667
1 0.166667
1 0.166667
4 0.166667 0.166667 0.166667 0.166667
5 0.166667 0.166667 0.166667 0.166667 0.166667
4 0.166667 0.166667 0.166667 0.166667
1 0.166667
3 0.166667 0.166667 0.166667
2 0.166667 0.166667
1 0.166667
19
4 0.166667 0.166667 0.166667 0.166667
1 0.166667
1 0.166667
4 0.166667 0.166667 0.166667 0.166667
5 0.166667 0.166667 0.166667 0.166667 0.166667
4 0.166667 0.166667 0.166667 0.166667
1 0.166667
3 0.166667 0.166667 0.166667
2 0.166667 0.166667
1 0.166667
20
4 0.166667 0.166667 0.166667 0.166667
1 0.166667
1 0.166667
4 0.166667 0.166667 0.166667 0.166667
5 0.166667 0.166667 0.166667 0.166667 0.166667
4 0.166667 0.166667 0.166667 0.166667
1 0.166667
3 0.166667 0.166667 0.166667
2 0.166667 0.166667
1 0.166667
0.0833333 0.0833333 
0.166667 0.166667 0.166667 0.166667 0.166667 0.166667 0.166667 0.166667 0.166667 0.166667 
8 8.5 15 8.5 9.5 10 16 10 10 14.5 
10.5 9 15.5 11 12.6667 12.5 16.5 11.8333 11.1667 15 
7 7 
18 18 
