p-C101-P2C10-I3-V2.txt
2
10
20
30
1.5
10 1 2 3 4 5 6 7 8 9 10
10 11 12 13 14 15 16 17 18 19 20
3 1 2 3
3 1 2 3
1 1
5 1 2 3 4 5
3 1 2 3
2 1 2
2 1 2
2 1 2
4 1 2 3 4
1 1
1.34371 0.603692 0.558768 0.339935 1.2693 0.687184 1.02686 0.405518 1.20185 0.537484 
0.781025 0.0666667 0.166667 0.656591 0.661648 0.233333 0.558768 0.686375 0.686375 0.188562 
1.34371 0.781025 
0.603692 0.0666667 
0.558768 0.166667 
0.339935 0.656591 
1.2693 0.661648 
0.687184 0.233333 
1.02686 0.558768 
0.405518 0.686375 
1.20185 0.686375 
0.537484 0.188562 
1
3 0.166667 0.166667 0.166667
3 0.166667 0.166667 0.166667
1 0.166667
5 0.166667 0.166667 0.166667 0.166667 0.166667
3 0.166667 0.166667 0.166667
2 0.166667 0.166667
2 0.166667 0.166667
2 0.166667 0.166667
4 0.166667 0.166667 0.166667 0.166667
1 0.166667
2
3 0.166667 0.166667 0.166667
3 0.166667 0.166667 0.166667
1 0.166667
5 0.166667 0.166667 0.166667 0.166667 0.166667
3 0.166667 0.166667 0.166667
2 0.166667 0.166667
2 0.166667 0.166667
2 0.166667 0.166667
4 0.166667 0.166667 0.166667 0.166667
1 0.166667
3
3 0.166667 0.166667 0.166667
3 0.166667 0.166667 0.166667
1 0.166667
5 0.166667 0.166667 0.166667 0.166667 0.166667
3 0.166667 0.166667 0.166667
2 0.166667 0.166667
2 0.166667 0.166667
2 0.166667 0.166667
4 0.166667 0.166667 0.166667 0.166667
1 0.166667
4
3 0.166667 0.166667 0.166667
3 0.166667 0.166667 0.166667
1 0.166667
5 0.166667 0.166667 0.166667 0.166667 0.166667
3 0.166667 0.166667 0.166667
2 0.166667 0.166667
2 0.166667 0.166667
2 0.166667 0.166667
4 0.166667 0.166667 0.166667 0.166667
1 0.166667
5
3 0.166667 0.166667 0.166667
3 0.166667 0.166667 0.166667
1 0.166667
5 0.166667 0.166667 0.166667 0.166667 0.166667
3 0.166667 0.166667 0.166667
2 0.166667 0.166667
2 0.166667 0.166667
2 0.166667 0.166667
4 0.166667 0.166667 0.166667 0.166667
1 0.166667
6
3 0.166667 0.166667 0.166667
3 0.166667 0.166667 0.166667
1 0.166667
5 0.166667 0.166667 0.166667 0.166667 0.166667
3 0.166667 0.166667 0.166667
2 0.166667 0.166667
2 0.166667 0.166667
2 0.166667 0.166667
4 0.166667 0.166667 0.166667 0.166667
1 0.166667
7
3 0.166667 0.166667 0.166667
3 0.166667 0.166667 0.166667
1 0.166667
5 0.166667 0.166667 0.166667 0.166667 0.166667
3 0.166667 0.166667 0.166667
2 0.166667 0.166667
2 0.166667 0.166667
2 0.166667 0.166667
4 0.166667 0.166667 0.166667 0.166667
1 0.166667
8
3 0.166667 0.166667 0.166667
3 0.166667 0.166667 0.166667
1 0.166667
5 0.166667 0.166667 0.166667 0.166667 0.166667
3 0.166667 0.166667 0.166667
2 0.166667 0.166667
2 0.166667 0.166667
2 0.166667 0.166667
4 0.166667 0.166667 0.166667 0.166667
1 0.166667
9
3 0.166667 0.166667 0.166667
3 0.166667 0.166667 0.166667
1 0.166667
5 0.166667 0.166667 0.166667 0.166667 0.166667
3 0.166667 0.166667 0.166667
2 0.166667 0.166667
2 0.166667 0.166667
2 0.166667 0.166667
4 0.166667 0.166667 0.166667 0.166667
1 0.166667
10
3 0.166667 0.166667 0.166667
3 0.166667 0.166667 0.166667
1 0.166667
5 0.166667 0.166667 0.166667 0.166667 0.166667
3 0.166667 0.166667 0.166667
2 0.166667 0.166667
2 0.166667 0.166667
2 0.166667 0.166667
4 0.166667 0.166667 0.166667 0.166667
1 0.166667
11
3 0.166667 0.166667 0.166667
3 0.166667 0.166667 0.166667
1 0.166667
5 0.166667 0.166667 0.166667 0.166667 0.166667
3 0.166667 0.166667 0.166667
2 0.166667 0.166667
2 0.166667 0.166667
2 0.166667 0.166667
4 0.166667 0.166667 0.166667 0.166667
1 0.166667
12
3 0.166667 0.166667 0.166667
3 0.166667 0.166667 0.166667
1 0.166667
5 0.166667 0.166667 0.166667 0.166667 0.166667
3 0.166667 0.166667 0.166667
2 0.166667 0.166667
2 0.166667 0.166667
2 0.166667 0.166667
4 0.166667 0.166667 0.166667 0.166667
1 0.166667
13
3 0.166667 0.166667 0.166667
3 0.166667 0.166667 0.166667
1 0.166667
5 0.166667 0.166667 0.166667 0.166667 0.166667
3 0.166667 0.166667 0.166667
2 0.166667 0.166667
2 0.166667 0.166667
2 0.166667 0.166667
4 0.166667 0.166667 0.166667 0.166667
1 0.166667
14
3 0.166667 0.166667 0.166667
3 0.166667 0.166667 0.166667
1 0.166667
5 0.166667 0.166667 0.166667 0.166667 0.166667
3 0.166667 0.166667 0.166667
2 0.166667 0.166667
2 0.166667 0.166667
2 0.166667 0.166667
4 0.166667 0.166667 0.166667 0.166667
1 0.166667
15
3 0.166667 0.166667 0.166667
3 0.166667 0.166667 0.166667
1 0.166667
5 0.166667 0.166667 0.166667 0.166667 0.166667
3 0.166667 0.166667 0.166667
2 0.166667 0.166667
2 0.166667 0.166667
2 0.166667 0.166667
4 0.166667 0.166667 0.166667 0.166667
1 0.166667
16
3 0.166667 0.166667 0.166667
3 0.166667 0.166667 0.166667
1 0.166667
5 0.166667 0.166667 0.166667 0.166667 0.166667
3 0.166667 0.166667 0.166667
2 0.166667 0.166667
2 0.166667 0.166667
2 0.166667 0.166667
4 0.166667 0.166667 0.166667 0.166667
1 0.166667
17
3 0.166667 0.166667 0.166667
3 0.166667 0.166667 0.166667
1 0.166667
5 0.166667 0.166667 0.166667 0.166667 0.166667
3 0.166667 0.166667 0.166667
2 0.166667 0.166667
2 0.166667 0.166667
2 0.166667 0.166667
4 0.166667 0.166667 0.166667 0.166667
1 0.166667
18
3 0.166667 0.166667 0.166667
3 0.166667 0.166667 0.166667
1 0.166667
5 0.166667 0.166667 0.166667 0.166667 0.166667
3 0.166667 0.166667 0.166667
2 0.166667 0.166667
2 0.166667 0.166667
2 0.166667 0.166667
4 0.166667 0.166667 0.166667 0.166667
1 0.166667
19
3 0.166667 0.166667 0.166667
3 0.166667 0.166667 0.166667
1 0.166667
5 0.166667 0.166667 0.166667 0.166667 0.166667
3 0.166667 0.166667 0.166667
2 0.166667 0.166667
2 0.166667 0.166667
2 0.166667 0.166667
4 0.166667 0.166667 0.166667 0.166667
1 0.166667
20
3 0.166667 0.166667 0.166667
3 0.166667 0.166667 0.166667
1 0.166667
5 0.166667 0.166667 0.166667 0.166667 0.166667
3 0.166667 0.166667 0.166667
2 0.166667 0.166667
2 0.166667 0.166667
2 0.166667 0.166667
4 0.166667 0.166667 0.166667 0.166667
1 0.166667
0.0833333 0.0833333 
0.166667 0.166667 0.166667 0.166667 0.166667 0.166667 0.166667 0.166667 0.166667 0.166667 
14 9 16 14 9 8 11 15.5 9.5 15.5 
15.3333 10.3333 16.3333 16.3333 10.3333 8.83333 11.8333 16.3333 11.3333 15.8333 
7 7 
18 18 
