p-C101-P1C5-I2-V1.txt
1
5
10
30
1.5
10 1 2 3 4 5 6 7 8 9 10
3 1 2 3
2 1 2
1 1
1 1
2 1 2
1.30171 1.17851 0.558768 0.603692 0.687184 
1.30171 
1.17851 
0.558768 
0.603692 
0.687184 
1
3 0.166667 0.166667 0.166667
2 0.166667 0.166667
1 0.166667
1 0.166667
2 0.166667 0.166667
2
3 0.166667 0.166667 0.166667
2 0.166667 0.166667
1 0.166667
1 0.166667
2 0.166667 0.166667
3
3 0.166667 0.166667 0.166667
2 0.166667 0.166667
1 0.166667
1 0.166667
2 0.166667 0.166667
4
3 0.166667 0.166667 0.166667
2 0.166667 0.166667
1 0.166667
1 0.166667
2 0.166667 0.166667
5
3 0.166667 0.166667 0.166667
2 0.166667 0.166667
1 0.166667
1 0.166667
2 0.166667 0.166667
6
3 0.166667 0.166667 0.166667
2 0.166667 0.166667
1 0.166667
1 0.166667
2 0.166667 0.166667
7
3 0.166667 0.166667 0.166667
2 0.166667 0.166667
1 0.166667
1 0.166667
2 0.166667 0.166667
8
3 0.166667 0.166667 0.166667
2 0.166667 0.166667
1 0.166667
1 0.166667
2 0.166667 0.166667
9
3 0.166667 0.166667 0.166667
2 0.166667 0.166667
1 0.166667
1 0.166667
2 0.166667 0.166667
10
3 0.166667 0.166667 0.166667
2 0.166667 0.166667
1 0.166667
1 0.166667
2 0.166667 0.166667
0.0833333 
0.166667 0.166667 0.166667 0.166667 0.166667 
11 11 16.5 14 9 
11.8333 11.5 16.6667 14.1667 9.5 
7 
18 
