p-C1P5DaJm-V1
1
5
10
30
1.5
10 1 2 3 4 5 6 7 8 9 10
4 1 2 3 4
5 1 2 3 4 5
5 1 2 3 4 5
4 1 2 3 4
5 1 2 3 4 5
0.1 0.120185 0.0666667 0.1 0.0745356 
0.1 
0.120185 
0.0666667 
0.1 
0.0745356 
1
4 0.166667 0.166667 0.166667 0.166667
5 0.166667 0.166667 0.166667 0.166667 0.166667
5 0.166667 0.166667 0.166667 0.166667 0.166667
4 0.166667 0.166667 0.166667 0.166667
5 0.166667 0.166667 0.166667 0.166667 0.166667
2
4 0.166667 0.166667 0.166667 0.166667
5 0.166667 0.166667 0.166667 0.166667 0.166667
5 0.166667 0.166667 0.166667 0.166667 0.166667
4 0.166667 0.166667 0.166667 0.166667
5 0.166667 0.166667 0.166667 0.166667 0.166667
3
4 0.166667 0.166667 0.166667 0.166667
5 0.166667 0.166667 0.166667 0.166667 0.166667
5 0.166667 0.166667 0.166667 0.166667 0.166667
4 0.166667 0.166667 0.166667 0.166667
5 0.166667 0.166667 0.166667 0.166667 0.166667
4
4 0.166667 0.166667 0.166667 0.166667
5 0.166667 0.166667 0.166667 0.166667 0.166667
5 0.166667 0.166667 0.166667 0.166667 0.166667
4 0.166667 0.166667 0.166667 0.166667
5 0.166667 0.166667 0.166667 0.166667 0.166667
5
4 0.166667 0.166667 0.166667 0.166667
5 0.166667 0.166667 0.166667 0.166667 0.166667
5 0.166667 0.166667 0.166667 0.166667 0.166667
4 0.166667 0.166667 0.166667 0.166667
5 0.166667 0.166667 0.166667 0.166667 0.166667
6
4 0.166667 0.166667 0.166667 0.166667
5 0.166667 0.166667 0.166667 0.166667 0.166667
5 0.166667 0.166667 0.166667 0.166667 0.166667
4 0.166667 0.166667 0.166667 0.166667
5 0.166667 0.166667 0.166667 0.166667 0.166667
7
4 0.166667 0.166667 0.166667 0.166667
5 0.166667 0.166667 0.166667 0.166667 0.166667
5 0.166667 0.166667 0.166667 0.166667 0.166667
4 0.166667 0.166667 0.166667 0.166667
5 0.166667 0.166667 0.166667 0.166667 0.166667
8
4 0.166667 0.166667 0.166667 0.166667
5 0.166667 0.166667 0.166667 0.166667 0.166667
5 0.166667 0.166667 0.166667 0.166667 0.166667
4 0.166667 0.166667 0.166667 0.166667
5 0.166667 0.166667 0.166667 0.166667 0.166667
9
4 0.166667 0.166667 0.166667 0.166667
5 0.166667 0.166667 0.166667 0.166667 0.166667
5 0.166667 0.166667 0.166667 0.166667 0.166667
4 0.166667 0.166667 0.166667 0.166667
5 0.166667 0.166667 0.166667 0.166667 0.166667
10
4 0.166667 0.166667 0.166667 0.166667
5 0.166667 0.166667 0.166667 0.166667 0.166667
5 0.166667 0.166667 0.166667 0.166667 0.166667
4 0.166667 0.166667 0.166667 0.166667
5 0.166667 0.166667 0.166667 0.166667 0.166667
0.0833333 
0.166667 0.166667 0.166667 0.166667 0.166667 
8 8 8 8 8 
11 11 11 11 11 
7 
18 
