p-C101-P3C15-I4-V2.txt
3
15
30
30
1.5
10 1 2 3 4 5 6 7 8 9 10
10 11 12 13 14 15 16 17 18 19 20
10 21 22 23 24 25 26 27 28 29 30
2 1 2
1 1
2 1 2
4 1 2 3 4
2 1 2
4 1 2 3 4
5 1 2 3 4 5
3 1 2 3
5 1 2 3 4 5
4 1 2 3 4
1 1
2 1 2
3 1 2 3
2 1 2
3 1 2 3
0.433333 0.537484 0.504425 1.02686 0.603692 0.687184 0.333333 0.558768 1.31191 0.669992 0.5 1.30171 0.533333 1.17851 0.622718 
0.521749 0.253859 0.657436 0.477261 0.105409 0.334996 0.654896 0.1 0.687184 0.105409 0.715697 0.760847 0.194365 0.69602 0.334996 
0.636832 0.0666667 0.778175 0.706321 0.133333 0.120185 0.72111 0.24267 0.87496 0.149071 0.825295 0.984886 0.0942809 0.929755 0.1 
0.433333 0.521749 0.636832 
0.537484 0.253859 0.0666667 
0.504425 0.657436 0.778175 
1.02686 0.477261 0.706321 
0.603692 0.105409 0.133333 
0.687184 0.334996 0.120185 
0.333333 0.654896 0.72111 
0.558768 0.1 0.24267 
1.31191 0.687184 0.87496 
0.669992 0.105409 0.149071 
0.5 0.715697 0.825295 
1.30171 0.760847 0.984886 
0.533333 0.194365 0.0942809 
1.17851 0.69602 0.929755 
0.622718 0.334996 0.1 
1
2 0.166667 0.166667
1 0.166667
2 0.166667 0.166667
4 0.166667 0.166667 0.166667 0.166667
2 0.166667 0.166667
4 0.166667 0.166667 0.166667 0.166667
5 0.166667 0.166667 0.166667 0.166667 0.166667
3 0.166667 0.166667 0.166667
5 0.166667 0.166667 0.166667 0.166667 0.166667
4 0.166667 0.166667 0.166667 0.166667
1 0.166667
2 0.166667 0.166667
3 0.166667 0.166667 0.166667
2 0.166667 0.166667
3 0.166667 0.166667 0.166667
2
2 0.166667 0.166667
1 0.166667
2 0.166667 0.166667
4 0.166667 0.166667 0.166667 0.166667
2 0.166667 0.166667
4 0.166667 0.166667 0.166667 0.166667
5 0.166667 0.166667 0.166667 0.166667 0.166667
3 0.166667 0.166667 0.166667
5 0.166667 0.166667 0.166667 0.166667 0.166667
4 0.166667 0.166667 0.166667 0.166667
1 0.166667
2 0.166667 0.166667
3 0.166667 0.166667 0.166667
2 0.166667 0.166667
3 0.166667 0.166667 0.166667
3
2 0.166667 0.166667
1 0.166667
2 0.166667 0.166667
4 0.166667 0.166667 0.166667 0.166667
2 0.166667 0.166667
4 0.166667 0.166667 0.166667 0.166667
5 0.166667 0.166667 0.166667 0.166667 0.166667
3 0.166667 0.166667 0.166667
5 0.166667 0.166667 0.166667 0.166667 0.166667
4 0.166667 0.166667 0.166667 0.166667
1 0.166667
2 0.166667 0.166667
3 0.166667 0.166667 0.166667
2 0.166667 0.166667
3 0.166667 0.166667 0.166667
4
2 0.166667 0.166667
1 0.166667
2 0.166667 0.166667
4 0.166667 0.166667 0.166667 0.166667
2 0.166667 0.166667
4 0.166667 0.166667 0.166667 0.166667
5 0.166667 0.166667 0.166667 0.166667 0.166667
3 0.166667 0.166667 0.166667
5 0.166667 0.166667 0.166667 0.166667 0.166667
4 0.166667 0.166667 0.166667 0.166667
1 0.166667
2 0.166667 0.166667
3 0.166667 0.166667 0.166667
2 0.166667 0.166667
3 0.166667 0.166667 0.166667
5
2 0.166667 0.166667
1 0.166667
2 0.166667 0.166667
4 0.166667 0.166667 0.166667 0.166667
2 0.166667 0.166667
4 0.166667 0.166667 0.166667 0.166667
5 0.166667 0.166667 0.166667 0.166667 0.166667
3 0.166667 0.166667 0.166667
5 0.166667 0.166667 0.166667 0.166667 0.166667
4 0.166667 0.166667 0.166667 0.166667
1 0.166667
2 0.166667 0.166667
3 0.166667 0.166667 0.166667
2 0.166667 0.166667
3 0.166667 0.166667 0.166667
6
2 0.166667 0.166667
1 0.166667
2 0.166667 0.166667
4 0.166667 0.166667 0.166667 0.166667
2 0.166667 0.166667
4 0.166667 0.166667 0.166667 0.166667
5 0.166667 0.166667 0.166667 0.166667 0.166667
3 0.166667 0.166667 0.166667
5 0.166667 0.166667 0.166667 0.166667 0.166667
4 0.166667 0.166667 0.166667 0.166667
1 0.166667
2 0.166667 0.166667
3 0.166667 0.166667 0.166667
2 0.166667 0.166667
3 0.166667 0.166667 0.166667
7
2 0.166667 0.166667
1 0.166667
2 0.166667 0.166667
4 0.166667 0.166667 0.166667 0.166667
2 0.166667 0.166667
4 0.166667 0.166667 0.166667 0.166667
5 0.166667 0.166667 0.166667 0.166667 0.166667
3 0.166667 0.166667 0.166667
5 0.166667 0.166667 0.166667 0.166667 0.166667
4 0.166667 0.166667 0.166667 0.166667
1 0.166667
2 0.166667 0.166667
3 0.166667 0.166667 0.166667
2 0.166667 0.166667
3 0.166667 0.166667 0.166667
8
2 0.166667 0.166667
1 0.166667
2 0.166667 0.166667
4 0.166667 0.166667 0.166667 0.166667
2 0.166667 0.166667
4 0.166667 0.166667 0.166667 0.166667
5 0.166667 0.166667 0.166667 0.166667 0.166667
3 0.166667 0.166667 0.166667
5 0.166667 0.166667 0.166667 0.166667 0.166667
4 0.166667 0.166667 0.166667 0.166667
1 0.166667
2 0.166667 0.166667
3 0.166667 0.166667 0.166667
2 0.166667 0.166667
3 0.166667 0.166667 0.166667
9
2 0.166667 0.166667
1 0.166667
2 0.166667 0.166667
4 0.166667 0.166667 0.166667 0.166667
2 0.166667 0.166667
4 0.166667 0.166667 0.166667 0.166667
5 0.166667 0.166667 0.166667 0.166667 0.166667
3 0.166667 0.166667 0.166667
5 0.166667 0.166667 0.166667 0.166667 0.166667
4 0.166667 0.166667 0.166667 0.166667
1 0.166667
2 0.166667 0.166667
3 0.166667 0.166667 0.166667
2 0.166667 0.166667
3 0.166667 0.166667 0.166667
10
2 0.166667 0.166667
1 0.166667
2 0.166667 0.166667
4 0.166667 0.166667 0.166667 0.166667
2 0.166667 0.166667
4 0.166667 0.166667 0.166667 0.166667
5 0.166667 0.166667 0.166667 0.166667 0.166667
3 0.166667 0.166667 0.166667
5 0.166667 0.166667 0.166667 0.166667 0.166667
4 0.166667 0.166667 0.166667 0.166667
1 0.166667
2 0.166667 0.166667
3 0.166667 0.166667 0.166667
2 0.166667 0.166667
3 0.166667 0.166667 0.166667
11
2 0.166667 0.166667
1 0.166667
2 0.166667 0.166667
4 0.166667 0.166667 0.166667 0.166667
2 0.166667 0.166667
4 0.166667 0.166667 0.166667 0.166667
5 0.166667 0.166667 0.166667 0.166667 0.166667
3 0.166667 0.166667 0.166667
5 0.166667 0.166667 0.166667 0.166667 0.166667
4 0.166667 0.166667 0.166667 0.166667
1 0.166667
2 0.166667 0.166667
3 0.166667 0.166667 0.166667
2 0.166667 0.166667
3 0.166667 0.166667 0.166667
12
2 0.166667 0.166667
1 0.166667
2 0.166667 0.166667
4 0.166667 0.166667 0.166667 0.166667
2 0.166667 0.166667
4 0.166667 0.166667 0.166667 0.166667
5 0.166667 0.166667 0.166667 0.166667 0.166667
3 0.166667 0.166667 0.166667
5 0.166667 0.166667 0.166667 0.166667 0.166667
4 0.166667 0.166667 0.166667 0.166667
1 0.166667
2 0.166667 0.166667
3 0.166667 0.166667 0.166667
2 0.166667 0.166667
3 0.166667 0.166667 0.166667
13
2 0.166667 0.166667
1 0.166667
2 0.166667 0.166667
4 0.166667 0.166667 0.166667 0.166667
2 0.166667 0.166667
4 0.166667 0.166667 0.166667 0.166667
5 0.166667 0.166667 0.166667 0.166667 0.166667
3 0.166667 0.166667 0.166667
5 0.166667 0.166667 0.166667 0.166667 0.166667
4 0.166667 0.166667 0.166667 0.166667
1 0.166667
2 0.166667 0.166667
3 0.166667 0.166667 0.166667
2 0.166667 0.166667
3 0.166667 0.166667 0.166667
14
2 0.166667 0.166667
1 0.166667
2 0.166667 0.166667
4 0.166667 0.166667 0.166667 0.166667
2 0.166667 0.166667
4 0.166667 0.166667 0.166667 0.166667
5 0.166667 0.166667 0.166667 0.166667 0.166667
3 0.166667 0.166667 0.166667
5 0.166667 0.166667 0.166667 0.166667 0.166667
4 0.166667 0.166667 0.166667 0.166667
1 0.166667
2 0.166667 0.166667
3 0.166667 0.166667 0.166667
2 0.166667 0.166667
3 0.166667 0.166667 0.166667
15
2 0.166667 0.166667
1 0.166667
2 0.166667 0.166667
4 0.166667 0.166667 0.166667 0.166667
2 0.166667 0.166667
4 0.166667 0.166667 0.166667 0.166667
5 0.166667 0.166667 0.166667 0.166667 0.166667
3 0.166667 0.166667 0.166667
5 0.166667 0.166667 0.166667 0.166667 0.166667
4 0.166667 0.166667 0.166667 0.166667
1 0.166667
2 0.166667 0.166667
3 0.166667 0.166667 0.166667
2 0.166667 0.166667
3 0.166667 0.166667 0.166667
16
2 0.166667 0.166667
1 0.166667
2 0.166667 0.166667
4 0.166667 0.166667 0.166667 0.166667
2 0.166667 0.166667
4 0.166667 0.166667 0.166667 0.166667
5 0.166667 0.166667 0.166667 0.166667 0.166667
3 0.166667 0.166667 0.166667
5 0.166667 0.166667 0.166667 0.166667 0.166667
4 0.166667 0.166667 0.166667 0.166667
1 0.166667
2 0.166667 0.166667
3 0.166667 0.166667 0.166667
2 0.166667 0.166667
3 0.166667 0.166667 0.166667
17
2 0.166667 0.166667
1 0.166667
2 0.166667 0.166667
4 0.166667 0.166667 0.166667 0.166667
2 0.166667 0.166667
4 0.166667 0.166667 0.166667 0.166667
5 0.166667 0.166667 0.166667 0.166667 0.166667
3 0.166667 0.166667 0.166667
5 0.166667 0.166667 0.166667 0.166667 0.166667
4 0.166667 0.166667 0.166667 0.166667
1 0.166667
2 0.166667 0.166667
3 0.166667 0.166667 0.166667
2 0.166667 0.166667
3 0.166667 0.166667 0.166667
18
2 0.166667 0.166667
1 0.166667
2 0.166667 0.166667
4 0.166667 0.166667 0.166667 0.166667
2 0.166667 0.166667
4 0.166667 0.166667 0.166667 0.166667
5 0.166667 0.166667 0.166667 0.166667 0.166667
3 0.166667 0.166667 0.166667
5 0.166667 0.166667 0.166667 0.166667 0.166667
4 0.166667 0.166667 0.166667 0.166667
1 0.166667
2 0.166667 0.166667
3 0.166667 0.166667 0.166667
2 0.166667 0.166667
3 0.166667 0.166667 0.166667
19
2 0.166667 0.166667
1 0.166667
2 0.166667 0.166667
4 0.166667 0.166667 0.166667 0.166667
2 0.166667 0.166667
4 0.166667 0.166667 0.166667 0.166667
5 0.166667 0.166667 0.166667 0.166667 0.166667
3 0.166667 0.166667 0.166667
5 0.166667 0.166667 0.166667 0.166667 0.166667
4 0.166667 0.166667 0.166667 0.166667
1 0.166667
2 0.166667 0.166667
3 0.166667 0.166667 0.166667
2 0.166667 0.166667
3 0.166667 0.166667 0.166667
20
2 0.166667 0.166667
1 0.166667
2 0.166667 0.166667
4 0.166667 0.166667 0.166667 0.166667
2 0.166667 0.166667
4 0.166667 0.166667 0.166667 0.166667
5 0.166667 0.166667 0.166667 0.166667 0.166667
3 0.166667 0.166667 0.166667
5 0.166667 0.166667 0.166667 0.166667 0.166667
4 0.166667 0.166667 0.166667 0.166667
1 0.166667
2 0.166667 0.166667
3 0.166667 0.166667 0.166667
2 0.166667 0.166667
3 0.166667 0.166667 0.166667
21
2 0.166667 0.166667
1 0.166667
2 0.166667 0.166667
4 0.166667 0.166667 0.166667 0.166667
2 0.166667 0.166667
4 0.166667 0.166667 0.166667 0.166667
5 0.166667 0.166667 0.166667 0.166667 0.166667
3 0.166667 0.166667 0.166667
5 0.166667 0.166667 0.166667 0.166667 0.166667
4 0.166667 0.166667 0.166667 0.166667
1 0.166667
2 0.166667 0.166667
3 0.166667 0.166667 0.166667
2 0.166667 0.166667
3 0.166667 0.166667 0.166667
22
2 0.166667 0.166667
1 0.166667
2 0.166667 0.166667
4 0.166667 0.166667 0.166667 0.166667
2 0.166667 0.166667
4 0.166667 0.166667 0.166667 0.166667
5 0.166667 0.166667 0.166667 0.166667 0.166667
3 0.166667 0.166667 0.166667
5 0.166667 0.166667 0.166667 0.166667 0.166667
4 0.166667 0.166667 0.166667 0.166667
1 0.166667
2 0.166667 0.166667
3 0.166667 0.166667 0.166667
2 0.166667 0.166667
3 0.166667 0.166667 0.166667
23
2 0.166667 0.166667
1 0.166667
2 0.166667 0.166667
4 0.166667 0.166667 0.166667 0.166667
2 0.166667 0.166667
4 0.166667 0.166667 0.166667 0.166667
5 0.166667 0.166667 0.166667 0.166667 0.166667
3 0.166667 0.166667 0.166667
5 0.166667 0.166667 0.166667 0.166667 0.166667
4 0.166667 0.166667 0.166667 0.166667
1 0.166667
2 0.166667 0.166667
3 0.166667 0.166667 0.166667
2 0.166667 0.166667
3 0.166667 0.166667 0.166667
24
2 0.166667 0.166667
1 0.166667
2 0.166667 0.166667
4 0.166667 0.166667 0.166667 0.166667
2 0.166667 0.166667
4 0.166667 0.166667 0.166667 0.166667
5 0.166667 0.166667 0.166667 0.166667 0.166667
3 0.166667 0.166667 0.166667
5 0.166667 0.166667 0.166667 0.166667 0.166667
4 0.166667 0.166667 0.166667 0.166667
1 0.166667
2 0.166667 0.166667
3 0.166667 0.166667 0.166667
2 0.166667 0.166667
3 0.166667 0.166667 0.166667
25
2 0.166667 0.166667
1 0.166667
2 0.166667 0.166667
4 0.166667 0.166667 0.166667 0.166667
2 0.166667 0.166667
4 0.166667 0.166667 0.166667 0.166667
5 0.166667 0.166667 0.166667 0.166667 0.166667
3 0.166667 0.166667 0.166667
5 0.166667 0.166667 0.166667 0.166667 0.166667
4 0.166667 0.166667 0.166667 0.166667
1 0.166667
2 0.166667 0.166667
3 0.166667 0.166667 0.166667
2 0.166667 0.166667
3 0.166667 0.166667 0.166667
26
2 0.166667 0.166667
1 0.166667
2 0.166667 0.166667
4 0.166667 0.166667 0.166667 0.166667
2 0.166667 0.166667
4 0.166667 0.166667 0.166667 0.166667
5 0.166667 0.166667 0.166667 0.166667 0.166667
3 0.166667 0.166667 0.166667
5 0.166667 0.166667 0.166667 0.166667 0.166667
4 0.166667 0.166667 0.166667 0.166667
1 0.166667
2 0.166667 0.166667
3 0.166667 0.166667 0.166667
2 0.166667 0.166667
3 0.166667 0.166667 0.166667
27
2 0.166667 0.166667
1 0.166667
2 0.166667 0.166667
4 0.166667 0.166667 0.166667 0.166667
2 0.166667 0.166667
4 0.166667 0.166667 0.166667 0.166667
5 0.166667 0.166667 0.166667 0.166667 0.166667
3 0.166667 0.166667 0.166667
5 0.166667 0.166667 0.166667 0.166667 0.166667
4 0.166667 0.166667 0.166667 0.166667
1 0.166667
2 0.166667 0.166667
3 0.166667 0.166667 0.166667
2 0.166667 0.166667
3 0.166667 0.166667 0.166667
28
2 0.166667 0.166667
1 0.166667
2 0.166667 0.166667
4 0.166667 0.166667 0.166667 0.166667
2 0.166667 0.166667
4 0.166667 0.166667 0.166667 0.166667
5 0.166667 0.166667 0.166667 0.166667 0.166667
3 0.166667 0.166667 0.166667
5 0.166667 0.166667 0.166667 0.166667 0.166667
4 0.166667 0.166667 0.166667 0.166667
1 0.166667
2 0.166667 0.166667
3 0.166667 0.166667 0.166667
2 0.166667 0.166667
3 0.166667 0.166667 0.166667
29
2 0.166667 0.166667
1 0.166667
2 0.166667 0.166667
4 0.166667 0.166667 0.166667 0.166667
2 0.166667 0.166667
4 0.166667 0.166667 0.166667 0.166667
5 0.166667 0.166667 0.166667 0.166667 0.166667
3 0.166667 0.166667 0.166667
5 0.166667 0.166667 0.166667 0.166667 0.166667
4 0.166667 0.166667 0.166667 0.166667
1 0.166667
2 0.166667 0.166667
3 0.166667 0.166667 0.166667
2 0.166667 0.166667
3 0.166667 0.166667 0.166667
30
2 0.166667 0.166667
1 0.166667
2 0.166667 0.166667
4 0.166667 0.166667 0.166667 0.166667
2 0.166667 0.166667
4 0.166667 0.166667 0.166667 0.166667
5 0.166667 0.166667 0.166667 0.166667 0.166667
3 0.166667 0.166667 0.166667
5 0.166667 0.166667 0.166667 0.166667 0.166667
4 0.166667 0.166667 0.166667 0.166667
1 0.166667
2 0.166667 0.166667
3 0.166667 0.166667 0.166667
2 0.166667 0.166667
3 0.166667 0.166667 0.166667
0.0833333 0.0833333 0.0833333 
0.166667 0.166667 0.166667 0.166667 0.166667 0.166667 0.166667 0.166667 0.166667 0.166667 0.166667 0.166667 0.166667 0.166667 0.166667 
9 15.5 9 14 10 8.5 8 13.5 8.5 10 14 10.5 14.5 8.5 14.5 
10.1667 16 10.1667 16.5 11.1667 11 11.1667 15.3333 11.6667 12.5 14.5 11.6667 16.3333 9.66667 16.3333 
7 7 7 
18 18 18 
