p-C101-P1C8-I2-V2.txt
1
8
10
30
1.5
10 1 2 3 4 5 6 7 8 9 10
1 1
2 1 2
3 1 2 3
3 1 2 3
4 1 2 3 4
4 1 2 3 4
1 1
4 1 2 3 4
1.30171 0.533333 0.5 0.603692 1.34371 1.11006 0.405518 0.558768 
1.30171 
0.533333 
0.5 
0.603692 
1.34371 
1.11006 
0.405518 
0.558768 
1
1 0.166667
2 0.166667 0.166667
3 0.166667 0.166667 0.166667
3 0.166667 0.166667 0.166667
4 0.166667 0.166667 0.166667 0.166667
4 0.166667 0.166667 0.166667 0.166667
1 0.166667
4 0.166667 0.166667 0.166667 0.166667
2
1 0.166667
2 0.166667 0.166667
3 0.166667 0.166667 0.166667
3 0.166667 0.166667 0.166667
4 0.166667 0.166667 0.166667 0.166667
4 0.166667 0.166667 0.166667 0.166667
1 0.166667
4 0.166667 0.166667 0.166667 0.166667
3
1 0.166667
2 0.166667 0.166667
3 0.166667 0.166667 0.166667
3 0.166667 0.166667 0.166667
4 0.166667 0.166667 0.166667 0.166667
4 0.166667 0.166667 0.166667 0.166667
1 0.166667
4 0.166667 0.166667 0.166667 0.166667
4
1 0.166667
2 0.166667 0.166667
3 0.166667 0.166667 0.166667
3 0.166667 0.166667 0.166667
4 0.166667 0.166667 0.166667 0.166667
4 0.166667 0.166667 0.166667 0.166667
1 0.166667
4 0.166667 0.166667 0.166667 0.166667
5
1 0.166667
2 0.166667 0.166667
3 0.166667 0.166667 0.166667
3 0.166667 0.166667 0.166667
4 0.166667 0.166667 0.166667 0.166667
4 0.166667 0.166667 0.166667 0.166667
1 0.166667
4 0.166667 0.166667 0.166667 0.166667
6
1 0.166667
2 0.166667 0.166667
3 0.166667 0.166667 0.166667
3 0.166667 0.166667 0.166667
4 0.166667 0.166667 0.166667 0.166667
4 0.166667 0.166667 0.166667 0.166667
1 0.166667
4 0.166667 0.166667 0.166667 0.166667
7
1 0.166667
2 0.166667 0.166667
3 0.166667 0.166667 0.166667
3 0.166667 0.166667 0.166667
4 0.166667 0.166667 0.166667 0.166667
4 0.166667 0.166667 0.166667 0.166667
1 0.166667
4 0.166667 0.166667 0.166667 0.166667
8
1 0.166667
2 0.166667 0.166667
3 0.166667 0.166667 0.166667
3 0.166667 0.166667 0.166667
4 0.166667 0.166667 0.166667 0.166667
4 0.166667 0.166667 0.166667 0.166667
1 0.166667
4 0.166667 0.166667 0.166667 0.166667
9
1 0.166667
2 0.166667 0.166667
3 0.166667 0.166667 0.166667
3 0.166667 0.166667 0.166667
4 0.166667 0.166667 0.166667 0.166667
4 0.166667 0.166667 0.166667 0.166667
1 0.166667
4 0.166667 0.166667 0.166667 0.166667
10
1 0.166667
2 0.166667 0.166667
3 0.166667 0.166667 0.166667
3 0.166667 0.166667 0.166667
4 0.166667 0.166667 0.166667 0.166667
4 0.166667 0.166667 0.166667 0.166667
1 0.166667
4 0.166667 0.166667 0.166667 0.166667
0.0833333 
0.166667 0.166667 0.166667 0.166667 0.166667 0.166667 0.166667 0.166667 
11.5 10 15 9.5 15 8 11.5 8.5 
11.6667 10.5 15.8333 10.3333 16.1667 9.16667 11.6667 9.66667 
7 
18 
