p-C101-P3C15-I3-V2.txt
3
15
30
30
1.5
10 1 2 3 4 5 6 7 8 9 10
10 11 12 13 14 15 16 17 18 19 20
10 21 22 23 24 25 26 27 28 29 30
1 1
5 1 2 3 4 5
1 1
2 1 2
2 1 2
1 1
1 1
3 1 2 3
4 1 2 3 4
3 1 2 3
3 1 2 3
3 1 2 3
3 1 2 3
2 1 2
3 1 2 3
0.339935 0.603692 1.30171 0.333333 0.433333 1.20185 0.5 0.558768 1.31191 0.687184 0.405518 0.669992 0.603692 1.34371 0.633333 
0.589727 0.1 1.02956 0.640312 0.573488 0.887568 0.755719 0.235702 0.942809 0.194365 0.636832 0.213437 0.166667 0.991071 0.149071 
0.915302 0.929755 0.166667 0.971825 0.795124 0.235702 0.897527 0.731057 0.406885 1.01379 0.880656 0.784573 0.801388 0.372678 0.856997 
0.339935 0.589727 0.915302 
0.603692 0.1 0.929755 
1.30171 1.02956 0.166667 
0.333333 0.640312 0.971825 
0.433333 0.573488 0.795124 
1.20185 0.887568 0.235702 
0.5 0.755719 0.897527 
0.558768 0.235702 0.731057 
1.31191 0.942809 0.406885 
0.687184 0.194365 1.01379 
0.405518 0.636832 0.880656 
0.669992 0.213437 0.784573 
0.603692 0.166667 0.801388 
1.34371 0.991071 0.372678 
0.633333 0.149071 0.856997 
1
1 0.166667
5 0.166667 0.166667 0.166667 0.166667 0.166667
1 0.166667
2 0.166667 0.166667
2 0.166667 0.166667
1 0.166667
1 0.166667
3 0.166667 0.166667 0.166667
4 0.166667 0.166667 0.166667 0.166667
3 0.166667 0.166667 0.166667
3 0.166667 0.166667 0.166667
3 0.166667 0.166667 0.166667
3 0.166667 0.166667 0.166667
2 0.166667 0.166667
3 0.166667 0.166667 0.166667
2
1 0.166667
5 0.166667 0.166667 0.166667 0.166667 0.166667
1 0.166667
2 0.166667 0.166667
2 0.166667 0.166667
1 0.166667
1 0.166667
3 0.166667 0.166667 0.166667
4 0.166667 0.166667 0.166667 0.166667
3 0.166667 0.166667 0.166667
3 0.166667 0.166667 0.166667
3 0.166667 0.166667 0.166667
3 0.166667 0.166667 0.166667
2 0.166667 0.166667
3 0.166667 0.166667 0.166667
3
1 0.166667
5 0.166667 0.166667 0.166667 0.166667 0.166667
1 0.166667
2 0.166667 0.166667
2 0.166667 0.166667
1 0.166667
1 0.166667
3 0.166667 0.166667 0.166667
4 0.166667 0.166667 0.166667 0.166667
3 0.166667 0.166667 0.166667
3 0.166667 0.166667 0.166667
3 0.166667 0.166667 0.166667
3 0.166667 0.166667 0.166667
2 0.166667 0.166667
3 0.166667 0.166667 0.166667
4
1 0.166667
5 0.166667 0.166667 0.166667 0.166667 0.166667
1 0.166667
2 0.166667 0.166667
2 0.166667 0.166667
1 0.166667
1 0.166667
3 0.166667 0.166667 0.166667
4 0.166667 0.166667 0.166667 0.166667
3 0.166667 0.166667 0.166667
3 0.166667 0.166667 0.166667
3 0.166667 0.166667 0.166667
3 0.166667 0.166667 0.166667
2 0.166667 0.166667
3 0.166667 0.166667 0.166667
5
1 0.166667
5 0.166667 0.166667 0.166667 0.166667 0.166667
1 0.166667
2 0.166667 0.166667
2 0.166667 0.166667
1 0.166667
1 0.166667
3 0.166667 0.166667 0.166667
4 0.166667 0.166667 0.166667 0.166667
3 0.166667 0.166667 0.166667
3 0.166667 0.166667 0.166667
3 0.166667 0.166667 0.166667
3 0.166667 0.166667 0.166667
2 0.166667 0.166667
3 0.166667 0.166667 0.166667
6
1 0.166667
5 0.166667 0.166667 0.166667 0.166667 0.166667
1 0.166667
2 0.166667 0.166667
2 0.166667 0.166667
1 0.166667
1 0.166667
3 0.166667 0.166667 0.166667
4 0.166667 0.166667 0.166667 0.166667
3 0.166667 0.166667 0.166667
3 0.166667 0.166667 0.166667
3 0.166667 0.166667 0.166667
3 0.166667 0.166667 0.166667
2 0.166667 0.166667
3 0.166667 0.166667 0.166667
7
1 0.166667
5 0.166667 0.166667 0.166667 0.166667 0.166667
1 0.166667
2 0.166667 0.166667
2 0.166667 0.166667
1 0.166667
1 0.166667
3 0.166667 0.166667 0.166667
4 0.166667 0.166667 0.166667 0.166667
3 0.166667 0.166667 0.166667
3 0.166667 0.166667 0.166667
3 0.166667 0.166667 0.166667
3 0.166667 0.166667 0.166667
2 0.166667 0.166667
3 0.166667 0.166667 0.166667
8
1 0.166667
5 0.166667 0.166667 0.166667 0.166667 0.166667
1 0.166667
2 0.166667 0.166667
2 0.166667 0.166667
1 0.166667
1 0.166667
3 0.166667 0.166667 0.166667
4 0.166667 0.166667 0.166667 0.166667
3 0.166667 0.166667 0.166667
3 0.166667 0.166667 0.166667
3 0.166667 0.166667 0.166667
3 0.166667 0.166667 0.166667
2 0.166667 0.166667
3 0.166667 0.166667 0.166667
9
1 0.166667
5 0.166667 0.166667 0.166667 0.166667 0.166667
1 0.166667
2 0.166667 0.166667
2 0.166667 0.166667
1 0.166667
1 0.166667
3 0.166667 0.166667 0.166667
4 0.166667 0.166667 0.166667 0.166667
3 0.166667 0.166667 0.166667
3 0.166667 0.166667 0.166667
3 0.166667 0.166667 0.166667
3 0.166667 0.166667 0.166667
2 0.166667 0.166667
3 0.166667 0.166667 0.166667
10
1 0.166667
5 0.166667 0.166667 0.166667 0.166667 0.166667
1 0.166667
2 0.166667 0.166667
2 0.166667 0.166667
1 0.166667
1 0.166667
3 0.166667 0.166667 0.166667
4 0.166667 0.166667 0.166667 0.166667
3 0.166667 0.166667 0.166667
3 0.166667 0.166667 0.166667
3 0.166667 0.166667 0.166667
3 0.166667 0.166667 0.166667
2 0.166667 0.166667
3 0.166667 0.166667 0.166667
11
1 0.166667
5 0.166667 0.166667 0.166667 0.166667 0.166667
1 0.166667
2 0.166667 0.166667
2 0.166667 0.166667
1 0.166667
1 0.166667
3 0.166667 0.166667 0.166667
4 0.166667 0.166667 0.166667 0.166667
3 0.166667 0.166667 0.166667
3 0.166667 0.166667 0.166667
3 0.166667 0.166667 0.166667
3 0.166667 0.166667 0.166667
2 0.166667 0.166667
3 0.166667 0.166667 0.166667
12
1 0.166667
5 0.166667 0.166667 0.166667 0.166667 0.166667
1 0.166667
2 0.166667 0.166667
2 0.166667 0.166667
1 0.166667
1 0.166667
3 0.166667 0.166667 0.166667
4 0.166667 0.166667 0.166667 0.166667
3 0.166667 0.166667 0.166667
3 0.166667 0.166667 0.166667
3 0.166667 0.166667 0.166667
3 0.166667 0.166667 0.166667
2 0.166667 0.166667
3 0.166667 0.166667 0.166667
13
1 0.166667
5 0.166667 0.166667 0.166667 0.166667 0.166667
1 0.166667
2 0.166667 0.166667
2 0.166667 0.166667
1 0.166667
1 0.166667
3 0.166667 0.166667 0.166667
4 0.166667 0.166667 0.166667 0.166667
3 0.166667 0.166667 0.166667
3 0.166667 0.166667 0.166667
3 0.166667 0.166667 0.166667
3 0.166667 0.166667 0.166667
2 0.166667 0.166667
3 0.166667 0.166667 0.166667
14
1 0.166667
5 0.166667 0.166667 0.166667 0.166667 0.166667
1 0.166667
2 0.166667 0.166667
2 0.166667 0.166667
1 0.166667
1 0.166667
3 0.166667 0.166667 0.166667
4 0.166667 0.166667 0.166667 0.166667
3 0.166667 0.166667 0.166667
3 0.166667 0.166667 0.166667
3 0.166667 0.166667 0.166667
3 0.166667 0.166667 0.166667
2 0.166667 0.166667
3 0.166667 0.166667 0.166667
15
1 0.166667
5 0.166667 0.166667 0.166667 0.166667 0.166667
1 0.166667
2 0.166667 0.166667
2 0.166667 0.166667
1 0.166667
1 0.166667
3 0.166667 0.166667 0.166667
4 0.166667 0.166667 0.166667 0.166667
3 0.166667 0.166667 0.166667
3 0.166667 0.166667 0.166667
3 0.166667 0.166667 0.166667
3 0.166667 0.166667 0.166667
2 0.166667 0.166667
3 0.166667 0.166667 0.166667
16
1 0.166667
5 0.166667 0.166667 0.166667 0.166667 0.166667
1 0.166667
2 0.166667 0.166667
2 0.166667 0.166667
1 0.166667
1 0.166667
3 0.166667 0.166667 0.166667
4 0.166667 0.166667 0.166667 0.166667
3 0.166667 0.166667 0.166667
3 0.166667 0.166667 0.166667
3 0.166667 0.166667 0.166667
3 0.166667 0.166667 0.166667
2 0.166667 0.166667
3 0.166667 0.166667 0.166667
17
1 0.166667
5 0.166667 0.166667 0.166667 0.166667 0.166667
1 0.166667
2 0.166667 0.166667
2 0.166667 0.166667
1 0.166667
1 0.166667
3 0.166667 0.166667 0.166667
4 0.166667 0.166667 0.166667 0.166667
3 0.166667 0.166667 0.166667
3 0.166667 0.166667 0.166667
3 0.166667 0.166667 0.166667
3 0.166667 0.166667 0.166667
2 0.166667 0.166667
3 0.166667 0.166667 0.166667
18
1 0.166667
5 0.166667 0.166667 0.166667 0.166667 0.166667
1 0.166667
2 0.166667 0.166667
2 0.166667 0.166667
1 0.166667
1 0.166667
3 0.166667 0.166667 0.166667
4 0.166667 0.166667 0.166667 0.166667
3 0.166667 0.166667 0.166667
3 0.166667 0.166667 0.166667
3 0.166667 0.166667 0.166667
3 0.166667 0.166667 0.166667
2 0.166667 0.166667
3 0.166667 0.166667 0.166667
19
1 0.166667
5 0.166667 0.166667 0.166667 0.166667 0.166667
1 0.166667
2 0.166667 0.166667
2 0.166667 0.166667
1 0.166667
1 0.166667
3 0.166667 0.166667 0.166667
4 0.166667 0.166667 0.166667 0.166667
3 0.166667 0.166667 0.166667
3 0.166667 0.166667 0.166667
3 0.166667 0.166667 0.166667
3 0.166667 0.166667 0.166667
2 0.166667 0.166667
3 0.166667 0.166667 0.166667
20
1 0.166667
5 0.166667 0.166667 0.166667 0.166667 0.166667
1 0.166667
2 0.166667 0.166667
2 0.166667 0.166667
1 0.166667
1 0.166667
3 0.166667 0.166667 0.166667
4 0.166667 0.166667 0.166667 0.166667
3 0.166667 0.166667 0.166667
3 0.166667 0.166667 0.166667
3 0.166667 0.166667 0.166667
3 0.166667 0.166667 0.166667
2 0.166667 0.166667
3 0.166667 0.166667 0.166667
21
1 0.166667
5 0.166667 0.166667 0.166667 0.166667 0.166667
1 0.166667
2 0.166667 0.166667
2 0.166667 0.166667
1 0.166667
1 0.166667
3 0.166667 0.166667 0.166667
4 0.166667 0.166667 0.166667 0.166667
3 0.166667 0.166667 0.166667
3 0.166667 0.166667 0.166667
3 0.166667 0.166667 0.166667
3 0.166667 0.166667 0.166667
2 0.166667 0.166667
3 0.166667 0.166667 0.166667
22
1 0.166667
5 0.166667 0.166667 0.166667 0.166667 0.166667
1 0.166667
2 0.166667 0.166667
2 0.166667 0.166667
1 0.166667
1 0.166667
3 0.166667 0.166667 0.166667
4 0.166667 0.166667 0.166667 0.166667
3 0.166667 0.166667 0.166667
3 0.166667 0.166667 0.166667
3 0.166667 0.166667 0.166667
3 0.166667 0.166667 0.166667
2 0.166667 0.166667
3 0.166667 0.166667 0.166667
23
1 0.166667
5 0.166667 0.166667 0.166667 0.166667 0.166667
1 0.166667
2 0.166667 0.166667
2 0.166667 0.166667
1 0.166667
1 0.166667
3 0.166667 0.166667 0.166667
4 0.166667 0.166667 0.166667 0.166667
3 0.166667 0.166667 0.166667
3 0.166667 0.166667 0.166667
3 0.166667 0.166667 0.166667
3 0.166667 0.166667 0.166667
2 0.166667 0.166667
3 0.166667 0.166667 0.166667
24
1 0.166667
5 0.166667 0.166667 0.166667 0.166667 0.166667
1 0.166667
2 0.166667 0.166667
2 0.166667 0.166667
1 0.166667
1 0.166667
3 0.166667 0.166667 0.166667
4 0.166667 0.166667 0.166667 0.166667
3 0.166667 0.166667 0.166667
3 0.166667 0.166667 0.166667
3 0.166667 0.166667 0.166667
3 0.166667 0.166667 0.166667
2 0.166667 0.166667
3 0.166667 0.166667 0.166667
25
1 0.166667
5 0.166667 0.166667 0.166667 0.166667 0.166667
1 0.166667
2 0.166667 0.166667
2 0.166667 0.166667
1 0.166667
1 0.166667
3 0.166667 0.166667 0.166667
4 0.166667 0.166667 0.166667 0.166667
3 0.166667 0.166667 0.166667
3 0.166667 0.166667 0.166667
3 0.166667 0.166667 0.166667
3 0.166667 0.166667 0.166667
2 0.166667 0.166667
3 0.166667 0.166667 0.166667
26
1 0.166667
5 0.166667 0.166667 0.166667 0.166667 0.166667
1 0.166667
2 0.166667 0.166667
2 0.166667 0.166667
1 0.166667
1 0.166667
3 0.166667 0.166667 0.166667
4 0.166667 0.166667 0.166667 0.166667
3 0.166667 0.166667 0.166667
3 0.166667 0.166667 0.166667
3 0.166667 0.166667 0.166667
3 0.166667 0.166667 0.166667
2 0.166667 0.166667
3 0.166667 0.166667 0.166667
27
1 0.166667
5 0.166667 0.166667 0.166667 0.166667 0.166667
1 0.166667
2 0.166667 0.166667
2 0.166667 0.166667
1 0.166667
1 0.166667
3 0.166667 0.166667 0.166667
4 0.166667 0.166667 0.166667 0.166667
3 0.166667 0.166667 0.166667
3 0.166667 0.166667 0.166667
3 0.166667 0.166667 0.166667
3 0.166667 0.166667 0.166667
2 0.166667 0.166667
3 0.166667 0.166667 0.166667
28
1 0.166667
5 0.166667 0.166667 0.166667 0.166667 0.166667
1 0.166667
2 0.166667 0.166667
2 0.166667 0.166667
1 0.166667
1 0.166667
3 0.166667 0.166667 0.166667
4 0.166667 0.166667 0.166667 0.166667
3 0.166667 0.166667 0.166667
3 0.166667 0.166667 0.166667
3 0.166667 0.166667 0.166667
3 0.166667 0.166667 0.166667
2 0.166667 0.166667
3 0.166667 0.166667 0.166667
29
1 0.166667
5 0.166667 0.166667 0.166667 0.166667 0.166667
1 0.166667
2 0.166667 0.166667
2 0.166667 0.166667
1 0.166667
1 0.166667
3 0.166667 0.166667 0.166667
4 0.166667 0.166667 0.166667 0.166667
3 0.166667 0.166667 0.166667
3 0.166667 0.166667 0.166667
3 0.166667 0.166667 0.166667
3 0.166667 0.166667 0.166667
2 0.166667 0.166667
3 0.166667 0.166667 0.166667
30
1 0.166667
5 0.166667 0.166667 0.166667 0.166667 0.166667
1 0.166667
2 0.166667 0.166667
2 0.166667 0.166667
1 0.166667
1 0.166667
3 0.166667 0.166667 0.166667
4 0.166667 0.166667 0.166667 0.166667
3 0.166667 0.166667 0.166667
3 0.166667 0.166667 0.166667
3 0.166667 0.166667 0.166667
3 0.166667 0.166667 0.166667
2 0.166667 0.166667
3 0.166667 0.166667 0.166667
0.0833333 0.0833333 0.0833333 
0.166667 0.166667 0.166667 0.166667 0.166667 0.166667 0.166667 0.166667 0.166667 0.166667 0.166667 0.166667 0.166667 0.166667 0.166667 
14 8.5 8.5 9 8.5 8.5 8 10 13.5 8.5 9.5 13.5 9 10 10 
14.3333 10.8333 8.83333 9.83333 9.33333 8.83333 8.33333 11.3333 15.3333 9.83333 10.8333 14.8333 10.3333 10.8333 11.3333 
7 7 7 
18 18 18 
