p-C101-P1C5-I2-V3.txt
1
5
10
30
1.5
10 1 2 3 4 5 6 7 8 9 10
1 1
4 1 2 3 4
3 1 2 3
1 1
2 1 2
1.20185 0.333333 0.558768 0.687184 0.405518 
1.20185 
0.333333 
0.558768 
0.687184 
0.405518 
1
1 0.166667
4 0.166667 0.166667 0.166667 0.166667
3 0.166667 0.166667 0.166667
1 0.166667
2 0.166667 0.166667
2
1 0.166667
4 0.166667 0.166667 0.166667 0.166667
3 0.166667 0.166667 0.166667
1 0.166667
2 0.166667 0.166667
3
1 0.166667
4 0.166667 0.166667 0.166667 0.166667
3 0.166667 0.166667 0.166667
1 0.166667
2 0.166667 0.166667
4
1 0.166667
4 0.166667 0.166667 0.166667 0.166667
3 0.166667 0.166667 0.166667
1 0.166667
2 0.166667 0.166667
5
1 0.166667
4 0.166667 0.166667 0.166667 0.166667
3 0.166667 0.166667 0.166667
1 0.166667
2 0.166667 0.166667
6
1 0.166667
4 0.166667 0.166667 0.166667 0.166667
3 0.166667 0.166667 0.166667
1 0.166667
2 0.166667 0.166667
7
1 0.166667
4 0.166667 0.166667 0.166667 0.166667
3 0.166667 0.166667 0.166667
1 0.166667
2 0.166667 0.166667
8
1 0.166667
4 0.166667 0.166667 0.166667 0.166667
3 0.166667 0.166667 0.166667
1 0.166667
2 0.166667 0.166667
9
1 0.166667
4 0.166667 0.166667 0.166667 0.166667
3 0.166667 0.166667 0.166667
1 0.166667
2 0.166667 0.166667
10
1 0.166667
4 0.166667 0.166667 0.166667 0.166667
3 0.166667 0.166667 0.166667
1 0.166667
2 0.166667 0.166667
0.0833333 
0.166667 0.166667 0.166667 0.166667 0.166667 
16.5 9.5 13.5 10.5 8 
16.6667 10.6667 14.3333 10.6667 8.5 
7 
18 
