p-C101-P3C15-I2-V2.txt
3
15
30
30
1.5
10 1 2 3 4 5 6 7 8 9 10
10 11 12 13 14 15 16 17 18 19 20
10 21 22 23 24 25 26 27 28 29 30
2 1 2
4 1 2 3 4
1 1
1 1
1 1
4 1 2 3 4
4 1 2 3 4
4 1 2 3 4
4 1 2 3 4
4 1 2 3 4
1 1
1 1
4 1 2 3 4
2 1 2
5 1 2 3 4 5
0.5 0.654896 0.333333 0.405518 0.603692 0.537484 1.31191 1.34371 1.02686 1.17851 0.622718 0.669992 0.558768 0.504425 0.533333 
1.05409 0.760847 1.11803 1.02902 0.984886 1.01379 0.286744 0.235702 0.286744 0.166667 1.07703 0.835996 0.81377 0.991071 0.955103 
1.01379 0.620036 1.05409 0.970681 0.835331 0.869227 0.179505 0.166667 0.179505 0.235702 0.924362 0.686375 0.683943 0.948098 0.81377 
0.5 1.05409 1.01379 
0.654896 0.760847 0.620036 
0.333333 1.11803 1.05409 
0.405518 1.02902 0.970681 
0.603692 0.984886 0.835331 
0.537484 1.01379 0.869227 
1.31191 0.286744 0.179505 
1.34371 0.235702 0.166667 
1.02686 0.286744 0.179505 
1.17851 0.166667 0.235702 
0.622718 1.07703 0.924362 
0.669992 0.835996 0.686375 
0.558768 0.81377 0.683943 
0.504425 0.991071 0.948098 
0.533333 0.955103 0.81377 
1
2 0.166667 0.166667
4 0.166667 0.166667 0.166667 0.166667
1 0.166667
1 0.166667
1 0.166667
4 0.166667 0.166667 0.166667 0.166667
4 0.166667 0.166667 0.166667 0.166667
4 0.166667 0.166667 0.166667 0.166667
4 0.166667 0.166667 0.166667 0.166667
4 0.166667 0.166667 0.166667 0.166667
1 0.166667
1 0.166667
4 0.166667 0.166667 0.166667 0.166667
2 0.166667 0.166667
5 0.166667 0.166667 0.166667 0.166667 0.166667
2
2 0.166667 0.166667
4 0.166667 0.166667 0.166667 0.166667
1 0.166667
1 0.166667
1 0.166667
4 0.166667 0.166667 0.166667 0.166667
4 0.166667 0.166667 0.166667 0.166667
4 0.166667 0.166667 0.166667 0.166667
4 0.166667 0.166667 0.166667 0.166667
4 0.166667 0.166667 0.166667 0.166667
1 0.166667
1 0.166667
4 0.166667 0.166667 0.166667 0.166667
2 0.166667 0.166667
5 0.166667 0.166667 0.166667 0.166667 0.166667
3
2 0.166667 0.166667
4 0.166667 0.166667 0.166667 0.166667
1 0.166667
1 0.166667
1 0.166667
4 0.166667 0.166667 0.166667 0.166667
4 0.166667 0.166667 0.166667 0.166667
4 0.166667 0.166667 0.166667 0.166667
4 0.166667 0.166667 0.166667 0.166667
4 0.166667 0.166667 0.166667 0.166667
1 0.166667
1 0.166667
4 0.166667 0.166667 0.166667 0.166667
2 0.166667 0.166667
5 0.166667 0.166667 0.166667 0.166667 0.166667
4
2 0.166667 0.166667
4 0.166667 0.166667 0.166667 0.166667
1 0.166667
1 0.166667
1 0.166667
4 0.166667 0.166667 0.166667 0.166667
4 0.166667 0.166667 0.166667 0.166667
4 0.166667 0.166667 0.166667 0.166667
4 0.166667 0.166667 0.166667 0.166667
4 0.166667 0.166667 0.166667 0.166667
1 0.166667
1 0.166667
4 0.166667 0.166667 0.166667 0.166667
2 0.166667 0.166667
5 0.166667 0.166667 0.166667 0.166667 0.166667
5
2 0.166667 0.166667
4 0.166667 0.166667 0.166667 0.166667
1 0.166667
1 0.166667
1 0.166667
4 0.166667 0.166667 0.166667 0.166667
4 0.166667 0.166667 0.166667 0.166667
4 0.166667 0.166667 0.166667 0.166667
4 0.166667 0.166667 0.166667 0.166667
4 0.166667 0.166667 0.166667 0.166667
1 0.166667
1 0.166667
4 0.166667 0.166667 0.166667 0.166667
2 0.166667 0.166667
5 0.166667 0.166667 0.166667 0.166667 0.166667
6
2 0.166667 0.166667
4 0.166667 0.166667 0.166667 0.166667
1 0.166667
1 0.166667
1 0.166667
4 0.166667 0.166667 0.166667 0.166667
4 0.166667 0.166667 0.166667 0.166667
4 0.166667 0.166667 0.166667 0.166667
4 0.166667 0.166667 0.166667 0.166667
4 0.166667 0.166667 0.166667 0.166667
1 0.166667
1 0.166667
4 0.166667 0.166667 0.166667 0.166667
2 0.166667 0.166667
5 0.166667 0.166667 0.166667 0.166667 0.166667
7
2 0.166667 0.166667
4 0.166667 0.166667 0.166667 0.166667
1 0.166667
1 0.166667
1 0.166667
4 0.166667 0.166667 0.166667 0.166667
4 0.166667 0.166667 0.166667 0.166667
4 0.166667 0.166667 0.166667 0.166667
4 0.166667 0.166667 0.166667 0.166667
4 0.166667 0.166667 0.166667 0.166667
1 0.166667
1 0.166667
4 0.166667 0.166667 0.166667 0.166667
2 0.166667 0.166667
5 0.166667 0.166667 0.166667 0.166667 0.166667
8
2 0.166667 0.166667
4 0.166667 0.166667 0.166667 0.166667
1 0.166667
1 0.166667
1 0.166667
4 0.166667 0.166667 0.166667 0.166667
4 0.166667 0.166667 0.166667 0.166667
4 0.166667 0.166667 0.166667 0.166667
4 0.166667 0.166667 0.166667 0.166667
4 0.166667 0.166667 0.166667 0.166667
1 0.166667
1 0.166667
4 0.166667 0.166667 0.166667 0.166667
2 0.166667 0.166667
5 0.166667 0.166667 0.166667 0.166667 0.166667
9
2 0.166667 0.166667
4 0.166667 0.166667 0.166667 0.166667
1 0.166667
1 0.166667
1 0.166667
4 0.166667 0.166667 0.166667 0.166667
4 0.166667 0.166667 0.166667 0.166667
4 0.166667 0.166667 0.166667 0.166667
4 0.166667 0.166667 0.166667 0.166667
4 0.166667 0.166667 0.166667 0.166667
1 0.166667
1 0.166667
4 0.166667 0.166667 0.166667 0.166667
2 0.166667 0.166667
5 0.166667 0.166667 0.166667 0.166667 0.166667
10
2 0.166667 0.166667
4 0.166667 0.166667 0.166667 0.166667
1 0.166667
1 0.166667
1 0.166667
4 0.166667 0.166667 0.166667 0.166667
4 0.166667 0.166667 0.166667 0.166667
4 0.166667 0.166667 0.166667 0.166667
4 0.166667 0.166667 0.166667 0.166667
4 0.166667 0.166667 0.166667 0.166667
1 0.166667
1 0.166667
4 0.166667 0.166667 0.166667 0.166667
2 0.166667 0.166667
5 0.166667 0.166667 0.166667 0.166667 0.166667
11
2 0.166667 0.166667
4 0.166667 0.166667 0.166667 0.166667
1 0.166667
1 0.166667
1 0.166667
4 0.166667 0.166667 0.166667 0.166667
4 0.166667 0.166667 0.166667 0.166667
4 0.166667 0.166667 0.166667 0.166667
4 0.166667 0.166667 0.166667 0.166667
4 0.166667 0.166667 0.166667 0.166667
1 0.166667
1 0.166667
4 0.166667 0.166667 0.166667 0.166667
2 0.166667 0.166667
5 0.166667 0.166667 0.166667 0.166667 0.166667
12
2 0.166667 0.166667
4 0.166667 0.166667 0.166667 0.166667
1 0.166667
1 0.166667
1 0.166667
4 0.166667 0.166667 0.166667 0.166667
4 0.166667 0.166667 0.166667 0.166667
4 0.166667 0.166667 0.166667 0.166667
4 0.166667 0.166667 0.166667 0.166667
4 0.166667 0.166667 0.166667 0.166667
1 0.166667
1 0.166667
4 0.166667 0.166667 0.166667 0.166667
2 0.166667 0.166667
5 0.166667 0.166667 0.166667 0.166667 0.166667
13
2 0.166667 0.166667
4 0.166667 0.166667 0.166667 0.166667
1 0.166667
1 0.166667
1 0.166667
4 0.166667 0.166667 0.166667 0.166667
4 0.166667 0.166667 0.166667 0.166667
4 0.166667 0.166667 0.166667 0.166667
4 0.166667 0.166667 0.166667 0.166667
4 0.166667 0.166667 0.166667 0.166667
1 0.166667
1 0.166667
4 0.166667 0.166667 0.166667 0.166667
2 0.166667 0.166667
5 0.166667 0.166667 0.166667 0.166667 0.166667
14
2 0.166667 0.166667
4 0.166667 0.166667 0.166667 0.166667
1 0.166667
1 0.166667
1 0.166667
4 0.166667 0.166667 0.166667 0.166667
4 0.166667 0.166667 0.166667 0.166667
4 0.166667 0.166667 0.166667 0.166667
4 0.166667 0.166667 0.166667 0.166667
4 0.166667 0.166667 0.166667 0.166667
1 0.166667
1 0.166667
4 0.166667 0.166667 0.166667 0.166667
2 0.166667 0.166667
5 0.166667 0.166667 0.166667 0.166667 0.166667
15
2 0.166667 0.166667
4 0.166667 0.166667 0.166667 0.166667
1 0.166667
1 0.166667
1 0.166667
4 0.166667 0.166667 0.166667 0.166667
4 0.166667 0.166667 0.166667 0.166667
4 0.166667 0.166667 0.166667 0.166667
4 0.166667 0.166667 0.166667 0.166667
4 0.166667 0.166667 0.166667 0.166667
1 0.166667
1 0.166667
4 0.166667 0.166667 0.166667 0.166667
2 0.166667 0.166667
5 0.166667 0.166667 0.166667 0.166667 0.166667
16
2 0.166667 0.166667
4 0.166667 0.166667 0.166667 0.166667
1 0.166667
1 0.166667
1 0.166667
4 0.166667 0.166667 0.166667 0.166667
4 0.166667 0.166667 0.166667 0.166667
4 0.166667 0.166667 0.166667 0.166667
4 0.166667 0.166667 0.166667 0.166667
4 0.166667 0.166667 0.166667 0.166667
1 0.166667
1 0.166667
4 0.166667 0.166667 0.166667 0.166667
2 0.166667 0.166667
5 0.166667 0.166667 0.166667 0.166667 0.166667
17
2 0.166667 0.166667
4 0.166667 0.166667 0.166667 0.166667
1 0.166667
1 0.166667
1 0.166667
4 0.166667 0.166667 0.166667 0.166667
4 0.166667 0.166667 0.166667 0.166667
4 0.166667 0.166667 0.166667 0.166667
4 0.166667 0.166667 0.166667 0.166667
4 0.166667 0.166667 0.166667 0.166667
1 0.166667
1 0.166667
4 0.166667 0.166667 0.166667 0.166667
2 0.166667 0.166667
5 0.166667 0.166667 0.166667 0.166667 0.166667
18
2 0.166667 0.166667
4 0.166667 0.166667 0.166667 0.166667
1 0.166667
1 0.166667
1 0.166667
4 0.166667 0.166667 0.166667 0.166667
4 0.166667 0.166667 0.166667 0.166667
4 0.166667 0.166667 0.166667 0.166667
4 0.166667 0.166667 0.166667 0.166667
4 0.166667 0.166667 0.166667 0.166667
1 0.166667
1 0.166667
4 0.166667 0.166667 0.166667 0.166667
2 0.166667 0.166667
5 0.166667 0.166667 0.166667 0.166667 0.166667
19
2 0.166667 0.166667
4 0.166667 0.166667 0.166667 0.166667
1 0.166667
1 0.166667
1 0.166667
4 0.166667 0.166667 0.166667 0.166667
4 0.166667 0.166667 0.166667 0.166667
4 0.166667 0.166667 0.166667 0.166667
4 0.166667 0.166667 0.166667 0.166667
4 0.166667 0.166667 0.166667 0.166667
1 0.166667
1 0.166667
4 0.166667 0.166667 0.166667 0.166667
2 0.166667 0.166667
5 0.166667 0.166667 0.166667 0.166667 0.166667
20
2 0.166667 0.166667
4 0.166667 0.166667 0.166667 0.166667
1 0.166667
1 0.166667
1 0.166667
4 0.166667 0.166667 0.166667 0.166667
4 0.166667 0.166667 0.166667 0.166667
4 0.166667 0.166667 0.166667 0.166667
4 0.166667 0.166667 0.166667 0.166667
4 0.166667 0.166667 0.166667 0.166667
1 0.166667
1 0.166667
4 0.166667 0.166667 0.166667 0.166667
2 0.166667 0.166667
5 0.166667 0.166667 0.166667 0.166667 0.166667
21
2 0.166667 0.166667
4 0.166667 0.166667 0.166667 0.166667
1 0.166667
1 0.166667
1 0.166667
4 0.166667 0.166667 0.166667 0.166667
4 0.166667 0.166667 0.166667 0.166667
4 0.166667 0.166667 0.166667 0.166667
4 0.166667 0.166667 0.166667 0.166667
4 0.166667 0.166667 0.166667 0.166667
1 0.166667
1 0.166667
4 0.166667 0.166667 0.166667 0.166667
2 0.166667 0.166667
5 0.166667 0.166667 0.166667 0.166667 0.166667
22
2 0.166667 0.166667
4 0.166667 0.166667 0.166667 0.166667
1 0.166667
1 0.166667
1 0.166667
4 0.166667 0.166667 0.166667 0.166667
4 0.166667 0.166667 0.166667 0.166667
4 0.166667 0.166667 0.166667 0.166667
4 0.166667 0.166667 0.166667 0.166667
4 0.166667 0.166667 0.166667 0.166667
1 0.166667
1 0.166667
4 0.166667 0.166667 0.166667 0.166667
2 0.166667 0.166667
5 0.166667 0.166667 0.166667 0.166667 0.166667
23
2 0.166667 0.166667
4 0.166667 0.166667 0.166667 0.166667
1 0.166667
1 0.166667
1 0.166667
4 0.166667 0.166667 0.166667 0.166667
4 0.166667 0.166667 0.166667 0.166667
4 0.166667 0.166667 0.166667 0.166667
4 0.166667 0.166667 0.166667 0.166667
4 0.166667 0.166667 0.166667 0.166667
1 0.166667
1 0.166667
4 0.166667 0.166667 0.166667 0.166667
2 0.166667 0.166667
5 0.166667 0.166667 0.166667 0.166667 0.166667
24
2 0.166667 0.166667
4 0.166667 0.166667 0.166667 0.166667
1 0.166667
1 0.166667
1 0.166667
4 0.166667 0.166667 0.166667 0.166667
4 0.166667 0.166667 0.166667 0.166667
4 0.166667 0.166667 0.166667 0.166667
4 0.166667 0.166667 0.166667 0.166667
4 0.166667 0.166667 0.166667 0.166667
1 0.166667
1 0.166667
4 0.166667 0.166667 0.166667 0.166667
2 0.166667 0.166667
5 0.166667 0.166667 0.166667 0.166667 0.166667
25
2 0.166667 0.166667
4 0.166667 0.166667 0.166667 0.166667
1 0.166667
1 0.166667
1 0.166667
4 0.166667 0.166667 0.166667 0.166667
4 0.166667 0.166667 0.166667 0.166667
4 0.166667 0.166667 0.166667 0.166667
4 0.166667 0.166667 0.166667 0.166667
4 0.166667 0.166667 0.166667 0.166667
1 0.166667
1 0.166667
4 0.166667 0.166667 0.166667 0.166667
2 0.166667 0.166667
5 0.166667 0.166667 0.166667 0.166667 0.166667
26
2 0.166667 0.166667
4 0.166667 0.166667 0.166667 0.166667
1 0.166667
1 0.166667
1 0.166667
4 0.166667 0.166667 0.166667 0.166667
4 0.166667 0.166667 0.166667 0.166667
4 0.166667 0.166667 0.166667 0.166667
4 0.166667 0.166667 0.166667 0.166667
4 0.166667 0.166667 0.166667 0.166667
1 0.166667
1 0.166667
4 0.166667 0.166667 0.166667 0.166667
2 0.166667 0.166667
5 0.166667 0.166667 0.166667 0.166667 0.166667
27
2 0.166667 0.166667
4 0.166667 0.166667 0.166667 0.166667
1 0.166667
1 0.166667
1 0.166667
4 0.166667 0.166667 0.166667 0.166667
4 0.166667 0.166667 0.166667 0.166667
4 0.166667 0.166667 0.166667 0.166667
4 0.166667 0.166667 0.166667 0.166667
4 0.166667 0.166667 0.166667 0.166667
1 0.166667
1 0.166667
4 0.166667 0.166667 0.166667 0.166667
2 0.166667 0.166667
5 0.166667 0.166667 0.166667 0.166667 0.166667
28
2 0.166667 0.166667
4 0.166667 0.166667 0.166667 0.166667
1 0.166667
1 0.166667
1 0.166667
4 0.166667 0.166667 0.166667 0.166667
4 0.166667 0.166667 0.166667 0.166667
4 0.166667 0.166667 0.166667 0.166667
4 0.166667 0.166667 0.166667 0.166667
4 0.166667 0.166667 0.166667 0.166667
1 0.166667
1 0.166667
4 0.166667 0.166667 0.166667 0.166667
2 0.166667 0.166667
5 0.166667 0.166667 0.166667 0.166667 0.166667
29
2 0.166667 0.166667
4 0.166667 0.166667 0.166667 0.166667
1 0.166667
1 0.166667
1 0.166667
4 0.166667 0.166667 0.166667 0.166667
4 0.166667 0.166667 0.166667 0.166667
4 0.166667 0.166667 0.166667 0.166667
4 0.166667 0.166667 0.166667 0.166667
4 0.166667 0.166667 0.166667 0.166667
1 0.166667
1 0.166667
4 0.166667 0.166667 0.166667 0.166667
2 0.166667 0.166667
5 0.166667 0.166667 0.166667 0.166667 0.166667
30
2 0.166667 0.166667
4 0.166667 0.166667 0.166667 0.166667
1 0.166667
1 0.166667
1 0.166667
4 0.166667 0.166667 0.166667 0.166667
4 0.166667 0.166667 0.166667 0.166667
4 0.166667 0.166667 0.166667 0.166667
4 0.166667 0.166667 0.166667 0.166667
4 0.166667 0.166667 0.166667 0.166667
1 0.166667
1 0.166667
4 0.166667 0.166667 0.166667 0.166667
2 0.166667 0.166667
5 0.166667 0.166667 0.166667 0.166667 0.166667
0.0833333 0.0833333 0.0833333 
0.166667 0.166667 0.166667 0.166667 0.166667 0.166667 0.166667 0.166667 0.166667 0.166667 0.166667 0.166667 0.166667 0.166667 0.166667 
8 14 15.5 16.5 10 8.5 15 10.5 9.5 10.5 14 9 10 15.5 9.5 
8.5 15.1667 15.6667 16.6667 10.1667 9.66667 16.1667 11.6667 10.6667 11.6667 14.1667 9.16667 11.1667 16 11 
7 7 7 
18 18 18 
