p-C101-P3C15-I4-V1.txt
3
15
30
30
1.5
10 1 2 3 4 5 6 7 8 9 10
10 11 12 13 14 15 16 17 18 19 20
10 21 22 23 24 25 26 27 28 29 30
5 1 2 3 4 5
1 1
2 1 2
2 1 2
3 1 2 3
4 1 2 3 4
5 1 2 3 4 5
4 1 2 3 4
3 1 2 3
1 1
2 1 2
2 1 2
4 1 2 3 4
2 1 2
1 1
1.02686 0.5 0.504425 0.339935 0.405518 1.11006 1.34371 1.30171 0.687184 0.433333 0.603692 0.622718 0.654896 1.2693 0.504425 
0.632456 0.806915 0.755719 0.657436 0.693622 0.760117 0.85375 0.910433 0.169967 0.614636 0.0745356 0.169967 0.166667 0.731057 0.149071 
0.179505 1.01379 0.948098 0.991071 0.970681 0.179505 0.166667 0.166667 0.897527 0.87496 0.835331 0.924362 0.620036 0.235702 0.887568 
1.02686 0.632456 0.179505 
0.5 0.806915 1.01379 
0.504425 0.755719 0.948098 
0.339935 0.657436 0.991071 
0.405518 0.693622 0.970681 
1.11006 0.760117 0.179505 
1.34371 0.85375 0.166667 
1.30171 0.910433 0.166667 
0.687184 0.169967 0.897527 
0.433333 0.614636 0.87496 
0.603692 0.0745356 0.835331 
0.622718 0.169967 0.924362 
0.654896 0.166667 0.620036 
1.2693 0.731057 0.235702 
0.504425 0.149071 0.887568 
1
5 0.166667 0.166667 0.166667 0.166667 0.166667
1 0.166667
2 0.166667 0.166667
2 0.166667 0.166667
3 0.166667 0.166667 0.166667
4 0.166667 0.166667 0.166667 0.166667
5 0.166667 0.166667 0.166667 0.166667 0.166667
4 0.166667 0.166667 0.166667 0.166667
3 0.166667 0.166667 0.166667
1 0.166667
2 0.166667 0.166667
2 0.166667 0.166667
4 0.166667 0.166667 0.166667 0.166667
2 0.166667 0.166667
1 0.166667
2
5 0.166667 0.166667 0.166667 0.166667 0.166667
1 0.166667
2 0.166667 0.166667
2 0.166667 0.166667
3 0.166667 0.166667 0.166667
4 0.166667 0.166667 0.166667 0.166667
5 0.166667 0.166667 0.166667 0.166667 0.166667
4 0.166667 0.166667 0.166667 0.166667
3 0.166667 0.166667 0.166667
1 0.166667
2 0.166667 0.166667
2 0.166667 0.166667
4 0.166667 0.166667 0.166667 0.166667
2 0.166667 0.166667
1 0.166667
3
5 0.166667 0.166667 0.166667 0.166667 0.166667
1 0.166667
2 0.166667 0.166667
2 0.166667 0.166667
3 0.166667 0.166667 0.166667
4 0.166667 0.166667 0.166667 0.166667
5 0.166667 0.166667 0.166667 0.166667 0.166667
4 0.166667 0.166667 0.166667 0.166667
3 0.166667 0.166667 0.166667
1 0.166667
2 0.166667 0.166667
2 0.166667 0.166667
4 0.166667 0.166667 0.166667 0.166667
2 0.166667 0.166667
1 0.166667
4
5 0.166667 0.166667 0.166667 0.166667 0.166667
1 0.166667
2 0.166667 0.166667
2 0.166667 0.166667
3 0.166667 0.166667 0.166667
4 0.166667 0.166667 0.166667 0.166667
5 0.166667 0.166667 0.166667 0.166667 0.166667
4 0.166667 0.166667 0.166667 0.166667
3 0.166667 0.166667 0.166667
1 0.166667
2 0.166667 0.166667
2 0.166667 0.166667
4 0.166667 0.166667 0.166667 0.166667
2 0.166667 0.166667
1 0.166667
5
5 0.166667 0.166667 0.166667 0.166667 0.166667
1 0.166667
2 0.166667 0.166667
2 0.166667 0.166667
3 0.166667 0.166667 0.166667
4 0.166667 0.166667 0.166667 0.166667
5 0.166667 0.166667 0.166667 0.166667 0.166667
4 0.166667 0.166667 0.166667 0.166667
3 0.166667 0.166667 0.166667
1 0.166667
2 0.166667 0.166667
2 0.166667 0.166667
4 0.166667 0.166667 0.166667 0.166667
2 0.166667 0.166667
1 0.166667
6
5 0.166667 0.166667 0.166667 0.166667 0.166667
1 0.166667
2 0.166667 0.166667
2 0.166667 0.166667
3 0.166667 0.166667 0.166667
4 0.166667 0.166667 0.166667 0.166667
5 0.166667 0.166667 0.166667 0.166667 0.166667
4 0.166667 0.166667 0.166667 0.166667
3 0.166667 0.166667 0.166667
1 0.166667
2 0.166667 0.166667
2 0.166667 0.166667
4 0.166667 0.166667 0.166667 0.166667
2 0.166667 0.166667
1 0.166667
7
5 0.166667 0.166667 0.166667 0.166667 0.166667
1 0.166667
2 0.166667 0.166667
2 0.166667 0.166667
3 0.166667 0.166667 0.166667
4 0.166667 0.166667 0.166667 0.166667
5 0.166667 0.166667 0.166667 0.166667 0.166667
4 0.166667 0.166667 0.166667 0.166667
3 0.166667 0.166667 0.166667
1 0.166667
2 0.166667 0.166667
2 0.166667 0.166667
4 0.166667 0.166667 0.166667 0.166667
2 0.166667 0.166667
1 0.166667
8
5 0.166667 0.166667 0.166667 0.166667 0.166667
1 0.166667
2 0.166667 0.166667
2 0.166667 0.166667
3 0.166667 0.166667 0.166667
4 0.166667 0.166667 0.166667 0.166667
5 0.166667 0.166667 0.166667 0.166667 0.166667
4 0.166667 0.166667 0.166667 0.166667
3 0.166667 0.166667 0.166667
1 0.166667
2 0.166667 0.166667
2 0.166667 0.166667
4 0.166667 0.166667 0.166667 0.166667
2 0.166667 0.166667
1 0.166667
9
5 0.166667 0.166667 0.166667 0.166667 0.166667
1 0.166667
2 0.166667 0.166667
2 0.166667 0.166667
3 0.166667 0.166667 0.166667
4 0.166667 0.166667 0.166667 0.166667
5 0.166667 0.166667 0.166667 0.166667 0.166667
4 0.166667 0.166667 0.166667 0.166667
3 0.166667 0.166667 0.166667
1 0.166667
2 0.166667 0.166667
2 0.166667 0.166667
4 0.166667 0.166667 0.166667 0.166667
2 0.166667 0.166667
1 0.166667
10
5 0.166667 0.166667 0.166667 0.166667 0.166667
1 0.166667
2 0.166667 0.166667
2 0.166667 0.166667
3 0.166667 0.166667 0.166667
4 0.166667 0.166667 0.166667 0.166667
5 0.166667 0.166667 0.166667 0.166667 0.166667
4 0.166667 0.166667 0.166667 0.166667
3 0.166667 0.166667 0.166667
1 0.166667
2 0.166667 0.166667
2 0.166667 0.166667
4 0.166667 0.166667 0.166667 0.166667
2 0.166667 0.166667
1 0.166667
11
5 0.166667 0.166667 0.166667 0.166667 0.166667
1 0.166667
2 0.166667 0.166667
2 0.166667 0.166667
3 0.166667 0.166667 0.166667
4 0.166667 0.166667 0.166667 0.166667
5 0.166667 0.166667 0.166667 0.166667 0.166667
4 0.166667 0.166667 0.166667 0.166667
3 0.166667 0.166667 0.166667
1 0.166667
2 0.166667 0.166667
2 0.166667 0.166667
4 0.166667 0.166667 0.166667 0.166667
2 0.166667 0.166667
1 0.166667
12
5 0.166667 0.166667 0.166667 0.166667 0.166667
1 0.166667
2 0.166667 0.166667
2 0.166667 0.166667
3 0.166667 0.166667 0.166667
4 0.166667 0.166667 0.166667 0.166667
5 0.166667 0.166667 0.166667 0.166667 0.166667
4 0.166667 0.166667 0.166667 0.166667
3 0.166667 0.166667 0.166667
1 0.166667
2 0.166667 0.166667
2 0.166667 0.166667
4 0.166667 0.166667 0.166667 0.166667
2 0.166667 0.166667
1 0.166667
13
5 0.166667 0.166667 0.166667 0.166667 0.166667
1 0.166667
2 0.166667 0.166667
2 0.166667 0.166667
3 0.166667 0.166667 0.166667
4 0.166667 0.166667 0.166667 0.166667
5 0.166667 0.166667 0.166667 0.166667 0.166667
4 0.166667 0.166667 0.166667 0.166667
3 0.166667 0.166667 0.166667
1 0.166667
2 0.166667 0.166667
2 0.166667 0.166667
4 0.166667 0.166667 0.166667 0.166667
2 0.166667 0.166667
1 0.166667
14
5 0.166667 0.166667 0.166667 0.166667 0.166667
1 0.166667
2 0.166667 0.166667
2 0.166667 0.166667
3 0.166667 0.166667 0.166667
4 0.166667 0.166667 0.166667 0.166667
5 0.166667 0.166667 0.166667 0.166667 0.166667
4 0.166667 0.166667 0.166667 0.166667
3 0.166667 0.166667 0.166667
1 0.166667
2 0.166667 0.166667
2 0.166667 0.166667
4 0.166667 0.166667 0.166667 0.166667
2 0.166667 0.166667
1 0.166667
15
5 0.166667 0.166667 0.166667 0.166667 0.166667
1 0.166667
2 0.166667 0.166667
2 0.166667 0.166667
3 0.166667 0.166667 0.166667
4 0.166667 0.166667 0.166667 0.166667
5 0.166667 0.166667 0.166667 0.166667 0.166667
4 0.166667 0.166667 0.166667 0.166667
3 0.166667 0.166667 0.166667
1 0.166667
2 0.166667 0.166667
2 0.166667 0.166667
4 0.166667 0.166667 0.166667 0.166667
2 0.166667 0.166667
1 0.166667
16
5 0.166667 0.166667 0.166667 0.166667 0.166667
1 0.166667
2 0.166667 0.166667
2 0.166667 0.166667
3 0.166667 0.166667 0.166667
4 0.166667 0.166667 0.166667 0.166667
5 0.166667 0.166667 0.166667 0.166667 0.166667
4 0.166667 0.166667 0.166667 0.166667
3 0.166667 0.166667 0.166667
1 0.166667
2 0.166667 0.166667
2 0.166667 0.166667
4 0.166667 0.166667 0.166667 0.166667
2 0.166667 0.166667
1 0.166667
17
5 0.166667 0.166667 0.166667 0.166667 0.166667
1 0.166667
2 0.166667 0.166667
2 0.166667 0.166667
3 0.166667 0.166667 0.166667
4 0.166667 0.166667 0.166667 0.166667
5 0.166667 0.166667 0.166667 0.166667 0.166667
4 0.166667 0.166667 0.166667 0.166667
3 0.166667 0.166667 0.166667
1 0.166667
2 0.166667 0.166667
2 0.166667 0.166667
4 0.166667 0.166667 0.166667 0.166667
2 0.166667 0.166667
1 0.166667
18
5 0.166667 0.166667 0.166667 0.166667 0.166667
1 0.166667
2 0.166667 0.166667
2 0.166667 0.166667
3 0.166667 0.166667 0.166667
4 0.166667 0.166667 0.166667 0.166667
5 0.166667 0.166667 0.166667 0.166667 0.166667
4 0.166667 0.166667 0.166667 0.166667
3 0.166667 0.166667 0.166667
1 0.166667
2 0.166667 0.166667
2 0.166667 0.166667
4 0.166667 0.166667 0.166667 0.166667
2 0.166667 0.166667
1 0.166667
19
5 0.166667 0.166667 0.166667 0.166667 0.166667
1 0.166667
2 0.166667 0.166667
2 0.166667 0.166667
3 0.166667 0.166667 0.166667
4 0.166667 0.166667 0.166667 0.166667
5 0.166667 0.166667 0.166667 0.166667 0.166667
4 0.166667 0.166667 0.166667 0.166667
3 0.166667 0.166667 0.166667
1 0.166667
2 0.166667 0.166667
2 0.166667 0.166667
4 0.166667 0.166667 0.166667 0.166667
2 0.166667 0.166667
1 0.166667
20
5 0.166667 0.166667 0.166667 0.166667 0.166667
1 0.166667
2 0.166667 0.166667
2 0.166667 0.166667
3 0.166667 0.166667 0.166667
4 0.166667 0.166667 0.166667 0.166667
5 0.166667 0.166667 0.166667 0.166667 0.166667
4 0.166667 0.166667 0.166667 0.166667
3 0.166667 0.166667 0.166667
1 0.166667
2 0.166667 0.166667
2 0.166667 0.166667
4 0.166667 0.166667 0.166667 0.166667
2 0.166667 0.166667
1 0.166667
21
5 0.166667 0.166667 0.166667 0.166667 0.166667
1 0.166667
2 0.166667 0.166667
2 0.166667 0.166667
3 0.166667 0.166667 0.166667
4 0.166667 0.166667 0.166667 0.166667
5 0.166667 0.166667 0.166667 0.166667 0.166667
4 0.166667 0.166667 0.166667 0.166667
3 0.166667 0.166667 0.166667
1 0.166667
2 0.166667 0.166667
2 0.166667 0.166667
4 0.166667 0.166667 0.166667 0.166667
2 0.166667 0.166667
1 0.166667
22
5 0.166667 0.166667 0.166667 0.166667 0.166667
1 0.166667
2 0.166667 0.166667
2 0.166667 0.166667
3 0.166667 0.166667 0.166667
4 0.166667 0.166667 0.166667 0.166667
5 0.166667 0.166667 0.166667 0.166667 0.166667
4 0.166667 0.166667 0.166667 0.166667
3 0.166667 0.166667 0.166667
1 0.166667
2 0.166667 0.166667
2 0.166667 0.166667
4 0.166667 0.166667 0.166667 0.166667
2 0.166667 0.166667
1 0.166667
23
5 0.166667 0.166667 0.166667 0.166667 0.166667
1 0.166667
2 0.166667 0.166667
2 0.166667 0.166667
3 0.166667 0.166667 0.166667
4 0.166667 0.166667 0.166667 0.166667
5 0.166667 0.166667 0.166667 0.166667 0.166667
4 0.166667 0.166667 0.166667 0.166667
3 0.166667 0.166667 0.166667
1 0.166667
2 0.166667 0.166667
2 0.166667 0.166667
4 0.166667 0.166667 0.166667 0.166667
2 0.166667 0.166667
1 0.166667
24
5 0.166667 0.166667 0.166667 0.166667 0.166667
1 0.166667
2 0.166667 0.166667
2 0.166667 0.166667
3 0.166667 0.166667 0.166667
4 0.166667 0.166667 0.166667 0.166667
5 0.166667 0.166667 0.166667 0.166667 0.166667
4 0.166667 0.166667 0.166667 0.166667
3 0.166667 0.166667 0.166667
1 0.166667
2 0.166667 0.166667
2 0.166667 0.166667
4 0.166667 0.166667 0.166667 0.166667
2 0.166667 0.166667
1 0.166667
25
5 0.166667 0.166667 0.166667 0.166667 0.166667
1 0.166667
2 0.166667 0.166667
2 0.166667 0.166667
3 0.166667 0.166667 0.166667
4 0.166667 0.166667 0.166667 0.166667
5 0.166667 0.166667 0.166667 0.166667 0.166667
4 0.166667 0.166667 0.166667 0.166667
3 0.166667 0.166667 0.166667
1 0.166667
2 0.166667 0.166667
2 0.166667 0.166667
4 0.166667 0.166667 0.166667 0.166667
2 0.166667 0.166667
1 0.166667
26
5 0.166667 0.166667 0.166667 0.166667 0.166667
1 0.166667
2 0.166667 0.166667
2 0.166667 0.166667
3 0.166667 0.166667 0.166667
4 0.166667 0.166667 0.166667 0.166667
5 0.166667 0.166667 0.166667 0.166667 0.166667
4 0.166667 0.166667 0.166667 0.166667
3 0.166667 0.166667 0.166667
1 0.166667
2 0.166667 0.166667
2 0.166667 0.166667
4 0.166667 0.166667 0.166667 0.166667
2 0.166667 0.166667
1 0.166667
27
5 0.166667 0.166667 0.166667 0.166667 0.166667
1 0.166667
2 0.166667 0.166667
2 0.166667 0.166667
3 0.166667 0.166667 0.166667
4 0.166667 0.166667 0.166667 0.166667
5 0.166667 0.166667 0.166667 0.166667 0.166667
4 0.166667 0.166667 0.166667 0.166667
3 0.166667 0.166667 0.166667
1 0.166667
2 0.166667 0.166667
2 0.166667 0.166667
4 0.166667 0.166667 0.166667 0.166667
2 0.166667 0.166667
1 0.166667
28
5 0.166667 0.166667 0.166667 0.166667 0.166667
1 0.166667
2 0.166667 0.166667
2 0.166667 0.166667
3 0.166667 0.166667 0.166667
4 0.166667 0.166667 0.166667 0.166667
5 0.166667 0.166667 0.166667 0.166667 0.166667
4 0.166667 0.166667 0.166667 0.166667
3 0.166667 0.166667 0.166667
1 0.166667
2 0.166667 0.166667
2 0.166667 0.166667
4 0.166667 0.166667 0.166667 0.166667
2 0.166667 0.166667
1 0.166667
29
5 0.166667 0.166667 0.166667 0.166667 0.166667
1 0.166667
2 0.166667 0.166667
2 0.166667 0.166667
3 0.166667 0.166667 0.166667
4 0.166667 0.166667 0.166667 0.166667
5 0.166667 0.166667 0.166667 0.166667 0.166667
4 0.166667 0.166667 0.166667 0.166667
3 0.166667 0.166667 0.166667
1 0.166667
2 0.166667 0.166667
2 0.166667 0.166667
4 0.166667 0.166667 0.166667 0.166667
2 0.166667 0.166667
1 0.166667
30
5 0.166667 0.166667 0.166667 0.166667 0.166667
1 0.166667
2 0.166667 0.166667
2 0.166667 0.166667
3 0.166667 0.166667 0.166667
4 0.166667 0.166667 0.166667 0.166667
5 0.166667 0.166667 0.166667 0.166667 0.166667
4 0.166667 0.166667 0.166667 0.166667
3 0.166667 0.166667 0.166667
1 0.166667
2 0.166667 0.166667
2 0.166667 0.166667
4 0.166667 0.166667 0.166667 0.166667
2 0.166667 0.166667
1 0.166667
0.0833333 0.0833333 0.0833333 
0.166667 0.166667 0.166667 0.166667 0.166667 0.166667 0.166667 0.166667 0.166667 0.166667 0.166667 0.166667 0.166667 0.166667 0.166667 
13.5 11 8.5 8.5 13.5 8.5 8 10.5 14 11 15 9.5 8 14 13.5 
16.6667 11.5 9.66667 9.66667 15.3333 11 11.1667 13 15.8333 11.5 16.1667 10.6667 10.5 15.1667 14 
7 7 7 
18 18 18 
