p-C2P5DbJm-V1
2
10
20
30
1.5
10 1 2 3 4 5 6 7 8 9 10
10 11 12 13 14 15 16 17 18 19 20
1 1
2 1 2
2 1 2
1 1
2 1 2
1 1
1 1
1 1
1 1
2 1 2
0.1 0.120185 0.0666667 0.1 0.0745356 0.801388 0.706321 0.87496 0.926763 0.833333 
0.924362 0.897527 0.869227 0.887568 0.760847 0.235702 0.179505 0.179505 0.166667 0.179505 
0.1 0.924362 
0.120185 0.897527 
0.0666667 0.869227 
0.1 0.887568 
0.0745356 0.760847 
0.801388 0.235702 
0.706321 0.179505 
0.87496 0.179505 
0.926763 0.166667 
0.833333 0.179505 
1
1 0.166667
2 0.166667 0.166667
2 0.166667 0.166667
1 0.166667
2 0.166667 0.166667
1 0.166667
1 0.166667
1 0.166667
1 0.166667
2 0.166667 0.166667
2
1 0.166667
2 0.166667 0.166667
2 0.166667 0.166667
1 0.166667
2 0.166667 0.166667
1 0.166667
1 0.166667
1 0.166667
1 0.166667
2 0.166667 0.166667
3
1 0.166667
2 0.166667 0.166667
2 0.166667 0.166667
1 0.166667
2 0.166667 0.166667
1 0.166667
1 0.166667
1 0.166667
1 0.166667
2 0.166667 0.166667
4
1 0.166667
2 0.166667 0.166667
2 0.166667 0.166667
1 0.166667
2 0.166667 0.166667
1 0.166667
1 0.166667
1 0.166667
1 0.166667
2 0.166667 0.166667
5
1 0.166667
2 0.166667 0.166667
2 0.166667 0.166667
1 0.166667
2 0.166667 0.166667
1 0.166667
1 0.166667
1 0.166667
1 0.166667
2 0.166667 0.166667
6
1 0.166667
2 0.166667 0.166667
2 0.166667 0.166667
1 0.166667
2 0.166667 0.166667
1 0.166667
1 0.166667
1 0.166667
1 0.166667
2 0.166667 0.166667
7
1 0.166667
2 0.166667 0.166667
2 0.166667 0.166667
1 0.166667
2 0.166667 0.166667
1 0.166667
1 0.166667
1 0.166667
1 0.166667
2 0.166667 0.166667
8
1 0.166667
2 0.166667 0.166667
2 0.166667 0.166667
1 0.166667
2 0.166667 0.166667
1 0.166667
1 0.166667
1 0.166667
1 0.166667
2 0.166667 0.166667
9
1 0.166667
2 0.166667 0.166667
2 0.166667 0.166667
1 0.166667
2 0.166667 0.166667
1 0.166667
1 0.166667
1 0.166667
1 0.166667
2 0.166667 0.166667
10
1 0.166667
2 0.166667 0.166667
2 0.166667 0.166667
1 0.166667
2 0.166667 0.166667
1 0.166667
1 0.166667
1 0.166667
1 0.166667
2 0.166667 0.166667
11
1 0.166667
2 0.166667 0.166667
2 0.166667 0.166667
1 0.166667
2 0.166667 0.166667
1 0.166667
1 0.166667
1 0.166667
1 0.166667
2 0.166667 0.166667
12
1 0.166667
2 0.166667 0.166667
2 0.166667 0.166667
1 0.166667
2 0.166667 0.166667
1 0.166667
1 0.166667
1 0.166667
1 0.166667
2 0.166667 0.166667
13
1 0.166667
2 0.166667 0.166667
2 0.166667 0.166667
1 0.166667
2 0.166667 0.166667
1 0.166667
1 0.166667
1 0.166667
1 0.166667
2 0.166667 0.166667
14
1 0.166667
2 0.166667 0.166667
2 0.166667 0.166667
1 0.166667
2 0.166667 0.166667
1 0.166667
1 0.166667
1 0.166667
1 0.166667
2 0.166667 0.166667
15
1 0.166667
2 0.166667 0.166667
2 0.166667 0.166667
1 0.166667
2 0.166667 0.166667
1 0.166667
1 0.166667
1 0.166667
1 0.166667
2 0.166667 0.166667
16
1 0.166667
2 0.166667 0.166667
2 0.166667 0.166667
1 0.166667
2 0.166667 0.166667
1 0.166667
1 0.166667
1 0.166667
1 0.166667
2 0.166667 0.166667
17
1 0.166667
2 0.166667 0.166667
2 0.166667 0.166667
1 0.166667
2 0.166667 0.166667
1 0.166667
1 0.166667
1 0.166667
1 0.166667
2 0.166667 0.166667
18
1 0.166667
2 0.166667 0.166667
2 0.166667 0.166667
1 0.166667
2 0.166667 0.166667
1 0.166667
1 0.166667
1 0.166667
1 0.166667
2 0.166667 0.166667
19
1 0.166667
2 0.166667 0.166667
2 0.166667 0.166667
1 0.166667
2 0.166667 0.166667
1 0.166667
1 0.166667
1 0.166667
1 0.166667
2 0.166667 0.166667
20
1 0.166667
2 0.166667 0.166667
2 0.166667 0.166667
1 0.166667
2 0.166667 0.166667
1 0.166667
1 0.166667
1 0.166667
1 0.166667
2 0.166667 0.166667
0.0833333 0.0833333 
0.166667 0.166667 0.166667 0.166667 0.166667 0.166667 0.166667 0.166667 0.166667 0.166667 
8 8 8 8 8 8 8 8 8 8 
11 11 11 11 11 11 11 11 11 11 
7 7 
18 18 
