p-R101-P1C5-I3-V1.txt
1
5
10
30
1.5
10 1 2 3 4 5 6 7 8 9 10
2 1 2
5 1 2 3 4 5
1 1
4 1 2 3 4
1 1
0.6 0.372678 0.507718 0.5 1.06719 
0.6 
0.372678 
0.507718 
0.5 
1.06719 
1
2 0.166667 0.166667
5 0.166667 0.166667 0.166667 0.166667 0.166667
1 0.166667
4 0.166667 0.166667 0.166667 0.166667
1 0.166667
2
2 0.166667 0.166667
5 0.166667 0.166667 0.166667 0.166667 0.166667
1 0.166667
4 0.166667 0.166667 0.166667 0.166667
1 0.166667
3
2 0.166667 0.166667
5 0.166667 0.166667 0.166667 0.166667 0.166667
1 0.166667
4 0.166667 0.166667 0.166667 0.166667
1 0.166667
4
2 0.166667 0.166667
5 0.166667 0.166667 0.166667 0.166667 0.166667
1 0.166667
4 0.166667 0.166667 0.166667 0.166667
1 0.166667
5
2 0.166667 0.166667
5 0.166667 0.166667 0.166667 0.166667 0.166667
1 0.166667
4 0.166667 0.166667 0.166667 0.166667
1 0.166667
6
2 0.166667 0.166667
5 0.166667 0.166667 0.166667 0.166667 0.166667
1 0.166667
4 0.166667 0.166667 0.166667 0.166667
1 0.166667
7
2 0.166667 0.166667
5 0.166667 0.166667 0.166667 0.166667 0.166667
1 0.166667
4 0.166667 0.166667 0.166667 0.166667
1 0.166667
8
2 0.166667 0.166667
5 0.166667 0.166667 0.166667 0.166667 0.166667
1 0.166667
4 0.166667 0.166667 0.166667 0.166667
1 0.166667
9
2 0.166667 0.166667
5 0.166667 0.166667 0.166667 0.166667 0.166667
1 0.166667
4 0.166667 0.166667 0.166667 0.166667
1 0.166667
10
2 0.166667 0.166667
5 0.166667 0.166667 0.166667 0.166667 0.166667
1 0.166667
4 0.166667 0.166667 0.166667 0.166667
1 0.166667
0.0833333 
0.166667 0.166667 0.166667 0.166667 0.166667 
14.5 9 9.5 13.5 11 
15.3333 11.3333 9.83333 15.3333 11.3333 
7 
18 
