p-R101-P2C10-I4-V1.txt
2
10
20
30
1.5
10 1 2 3 4 5 6 7 8 9 10
10 11 12 13 14 15 16 17 18 19 20
1 1
1 1
1 1
1 1
4 1 2 3 4
4 1 2 3 4
4 1 2 3 4
2 1 2
2 1 2
3 1 2 3
1.06719 1.11803 0.87496 0.5 0.6 1.11803 1.06719 0.849837 0.687184 0.707107 
1.2693 1.37437 0.896908 0.745356 0.314466 1.17851 0.707107 1.16667 0.527046 0.897527 
1.06719 1.2693 
1.11803 1.37437 
0.87496 0.896908 
0.5 0.745356 
0.6 0.314466 
1.11803 1.17851 
1.06719 0.707107 
0.849837 1.16667 
0.687184 0.527046 
0.707107 0.897527 
1
1 0.166667
1 0.166667
1 0.166667
1 0.166667
4 0.166667 0.166667 0.166667 0.166667
4 0.166667 0.166667 0.166667 0.166667
4 0.166667 0.166667 0.166667 0.166667
2 0.166667 0.166667
2 0.166667 0.166667
3 0.166667 0.166667 0.166667
2
1 0.166667
1 0.166667
1 0.166667
1 0.166667
4 0.166667 0.166667 0.166667 0.166667
4 0.166667 0.166667 0.166667 0.166667
4 0.166667 0.166667 0.166667 0.166667
2 0.166667 0.166667
2 0.166667 0.166667
3 0.166667 0.166667 0.166667
3
1 0.166667
1 0.166667
1 0.166667
1 0.166667
4 0.166667 0.166667 0.166667 0.166667
4 0.166667 0.166667 0.166667 0.166667
4 0.166667 0.166667 0.166667 0.166667
2 0.166667 0.166667
2 0.166667 0.166667
3 0.166667 0.166667 0.166667
4
1 0.166667
1 0.166667
1 0.166667
1 0.166667
4 0.166667 0.166667 0.166667 0.166667
4 0.166667 0.166667 0.166667 0.166667
4 0.166667 0.166667 0.166667 0.166667
2 0.166667 0.166667
2 0.166667 0.166667
3 0.166667 0.166667 0.166667
5
1 0.166667
1 0.166667
1 0.166667
1 0.166667
4 0.166667 0.166667 0.166667 0.166667
4 0.166667 0.166667 0.166667 0.166667
4 0.166667 0.166667 0.166667 0.166667
2 0.166667 0.166667
2 0.166667 0.166667
3 0.166667 0.166667 0.166667
6
1 0.166667
1 0.166667
1 0.166667
1 0.166667
4 0.166667 0.166667 0.166667 0.166667
4 0.166667 0.166667 0.166667 0.166667
4 0.166667 0.166667 0.166667 0.166667
2 0.166667 0.166667
2 0.166667 0.166667
3 0.166667 0.166667 0.166667
7
1 0.166667
1 0.166667
1 0.166667
1 0.166667
4 0.166667 0.166667 0.166667 0.166667
4 0.166667 0.166667 0.166667 0.166667
4 0.166667 0.166667 0.166667 0.166667
2 0.166667 0.166667
2 0.166667 0.166667
3 0.166667 0.166667 0.166667
8
1 0.166667
1 0.166667
1 0.166667
1 0.166667
4 0.166667 0.166667 0.166667 0.166667
4 0.166667 0.166667 0.166667 0.166667
4 0.166667 0.166667 0.166667 0.166667
2 0.166667 0.166667
2 0.166667 0.166667
3 0.166667 0.166667 0.166667
9
1 0.166667
1 0.166667
1 0.166667
1 0.166667
4 0.166667 0.166667 0.166667 0.166667
4 0.166667 0.166667 0.166667 0.166667
4 0.166667 0.166667 0.166667 0.166667
2 0.166667 0.166667
2 0.166667 0.166667
3 0.166667 0.166667 0.166667
10
1 0.166667
1 0.166667
1 0.166667
1 0.166667
4 0.166667 0.166667 0.166667 0.166667
4 0.166667 0.166667 0.166667 0.166667
4 0.166667 0.166667 0.166667 0.166667
2 0.166667 0.166667
2 0.166667 0.166667
3 0.166667 0.166667 0.166667
11
1 0.166667
1 0.166667
1 0.166667
1 0.166667
4 0.166667 0.166667 0.166667 0.166667
4 0.166667 0.166667 0.166667 0.166667
4 0.166667 0.166667 0.166667 0.166667
2 0.166667 0.166667
2 0.166667 0.166667
3 0.166667 0.166667 0.166667
12
1 0.166667
1 0.166667
1 0.166667
1 0.166667
4 0.166667 0.166667 0.166667 0.166667
4 0.166667 0.166667 0.166667 0.166667
4 0.166667 0.166667 0.166667 0.166667
2 0.166667 0.166667
2 0.166667 0.166667
3 0.166667 0.166667 0.166667
13
1 0.166667
1 0.166667
1 0.166667
1 0.166667
4 0.166667 0.166667 0.166667 0.166667
4 0.166667 0.166667 0.166667 0.166667
4 0.166667 0.166667 0.166667 0.166667
2 0.166667 0.166667
2 0.166667 0.166667
3 0.166667 0.166667 0.166667
14
1 0.166667
1 0.166667
1 0.166667
1 0.166667
4 0.166667 0.166667 0.166667 0.166667
4 0.166667 0.166667 0.166667 0.166667
4 0.166667 0.166667 0.166667 0.166667
2 0.166667 0.166667
2 0.166667 0.166667
3 0.166667 0.166667 0.166667
15
1 0.166667
1 0.166667
1 0.166667
1 0.166667
4 0.166667 0.166667 0.166667 0.166667
4 0.166667 0.166667 0.166667 0.166667
4 0.166667 0.166667 0.166667 0.166667
2 0.166667 0.166667
2 0.166667 0.166667
3 0.166667 0.166667 0.166667
16
1 0.166667
1 0.166667
1 0.166667
1 0.166667
4 0.166667 0.166667 0.166667 0.166667
4 0.166667 0.166667 0.166667 0.166667
4 0.166667 0.166667 0.166667 0.166667
2 0.166667 0.166667
2 0.166667 0.166667
3 0.166667 0.166667 0.166667
17
1 0.166667
1 0.166667
1 0.166667
1 0.166667
4 0.166667 0.166667 0.166667 0.166667
4 0.166667 0.166667 0.166667 0.166667
4 0.166667 0.166667 0.166667 0.166667
2 0.166667 0.166667
2 0.166667 0.166667
3 0.166667 0.166667 0.166667
18
1 0.166667
1 0.166667
1 0.166667
1 0.166667
4 0.166667 0.166667 0.166667 0.166667
4 0.166667 0.166667 0.166667 0.166667
4 0.166667 0.166667 0.166667 0.166667
2 0.166667 0.166667
2 0.166667 0.166667
3 0.166667 0.166667 0.166667
19
1 0.166667
1 0.166667
1 0.166667
1 0.166667
4 0.166667 0.166667 0.166667 0.166667
4 0.166667 0.166667 0.166667 0.166667
4 0.166667 0.166667 0.166667 0.166667
2 0.166667 0.166667
2 0.166667 0.166667
3 0.166667 0.166667 0.166667
20
1 0.166667
1 0.166667
1 0.166667
1 0.166667
4 0.166667 0.166667 0.166667 0.166667
4 0.166667 0.166667 0.166667 0.166667
4 0.166667 0.166667 0.166667 0.166667
2 0.166667 0.166667
2 0.166667 0.166667
3 0.166667 0.166667 0.166667
0.0833333 0.0833333 
0.166667 0.166667 0.166667 0.166667 0.166667 0.166667 0.166667 0.166667 0.166667 0.166667 
16 11 14 8.5 8 9.5 9 14 8.5 8.5 
16.5 11.5 14.5 9 10.5 12 11.5 15.1667 9.66667 10.3333 
7 7 
18 18 
