p-R101-P3C15-I2-V3.txt
3
15
30
30
1.5
10 1 2 3 4 5 6 7 8 9 10
10 11 12 13 14 15 16 17 18 19 20
10 21 22 23 24 25 26 27 28 29 30
3 1 2 3
1 1
3 1 2 3
1 1
2 1 2
4 1 2 3 4
4 1 2 3 4
3 1 2 3
4 1 2 3 4
2 1 2
1 1
3 1 2 3
2 1 2
1 1
2 1 2
1.11803 1.01379 0.600925 1.06719 0.6 0.372678 1.20185 0.5 1.01379 0.897527 1.06719 1.06719 0.745356 0.507718 0.849837 
0.5 2.00693 0.833333 0.897527 1.16619 1.34371 1.05409 0.5 1.53659 1.06719 1.86339 1.86339 0.471405 0.926163 1.43372 
1.83333 0.372678 1.16667 2.00693 0.839312 0.600925 1.58114 1.424 0.833333 1.21335 1.34371 0.372678 1.71594 1.415 1.49071 
1.11803 0.5 1.83333 
1.01379 2.00693 0.372678 
0.600925 0.833333 1.16667 
1.06719 0.897527 2.00693 
0.6 1.16619 0.839312 
0.372678 1.34371 0.600925 
1.20185 1.05409 1.58114 
0.5 0.5 1.424 
1.01379 1.53659 0.833333 
0.897527 1.06719 1.21335 
1.06719 1.86339 1.34371 
1.06719 1.86339 0.372678 
0.745356 0.471405 1.71594 
0.507718 0.926163 1.415 
0.849837 1.43372 1.49071 
1
3 0.166667 0.166667 0.166667
1 0.166667
3 0.166667 0.166667 0.166667
1 0.166667
2 0.166667 0.166667
4 0.166667 0.166667 0.166667 0.166667
4 0.166667 0.166667 0.166667 0.166667
3 0.166667 0.166667 0.166667
4 0.166667 0.166667 0.166667 0.166667
2 0.166667 0.166667
1 0.166667
3 0.166667 0.166667 0.166667
2 0.166667 0.166667
1 0.166667
2 0.166667 0.166667
2
3 0.166667 0.166667 0.166667
1 0.166667
3 0.166667 0.166667 0.166667
1 0.166667
2 0.166667 0.166667
4 0.166667 0.166667 0.166667 0.166667
4 0.166667 0.166667 0.166667 0.166667
3 0.166667 0.166667 0.166667
4 0.166667 0.166667 0.166667 0.166667
2 0.166667 0.166667
1 0.166667
3 0.166667 0.166667 0.166667
2 0.166667 0.166667
1 0.166667
2 0.166667 0.166667
3
3 0.166667 0.166667 0.166667
1 0.166667
3 0.166667 0.166667 0.166667
1 0.166667
2 0.166667 0.166667
4 0.166667 0.166667 0.166667 0.166667
4 0.166667 0.166667 0.166667 0.166667
3 0.166667 0.166667 0.166667
4 0.166667 0.166667 0.166667 0.166667
2 0.166667 0.166667
1 0.166667
3 0.166667 0.166667 0.166667
2 0.166667 0.166667
1 0.166667
2 0.166667 0.166667
4
3 0.166667 0.166667 0.166667
1 0.166667
3 0.166667 0.166667 0.166667
1 0.166667
2 0.166667 0.166667
4 0.166667 0.166667 0.166667 0.166667
4 0.166667 0.166667 0.166667 0.166667
3 0.166667 0.166667 0.166667
4 0.166667 0.166667 0.166667 0.166667
2 0.166667 0.166667
1 0.166667
3 0.166667 0.166667 0.166667
2 0.166667 0.166667
1 0.166667
2 0.166667 0.166667
5
3 0.166667 0.166667 0.166667
1 0.166667
3 0.166667 0.166667 0.166667
1 0.166667
2 0.166667 0.166667
4 0.166667 0.166667 0.166667 0.166667
4 0.166667 0.166667 0.166667 0.166667
3 0.166667 0.166667 0.166667
4 0.166667 0.166667 0.166667 0.166667
2 0.166667 0.166667
1 0.166667
3 0.166667 0.166667 0.166667
2 0.166667 0.166667
1 0.166667
2 0.166667 0.166667
6
3 0.166667 0.166667 0.166667
1 0.166667
3 0.166667 0.166667 0.166667
1 0.166667
2 0.166667 0.166667
4 0.166667 0.166667 0.166667 0.166667
4 0.166667 0.166667 0.166667 0.166667
3 0.166667 0.166667 0.166667
4 0.166667 0.166667 0.166667 0.166667
2 0.166667 0.166667
1 0.166667
3 0.166667 0.166667 0.166667
2 0.166667 0.166667
1 0.166667
2 0.166667 0.166667
7
3 0.166667 0.166667 0.166667
1 0.166667
3 0.166667 0.166667 0.166667
1 0.166667
2 0.166667 0.166667
4 0.166667 0.166667 0.166667 0.166667
4 0.166667 0.166667 0.166667 0.166667
3 0.166667 0.166667 0.166667
4 0.166667 0.166667 0.166667 0.166667
2 0.166667 0.166667
1 0.166667
3 0.166667 0.166667 0.166667
2 0.166667 0.166667
1 0.166667
2 0.166667 0.166667
8
3 0.166667 0.166667 0.166667
1 0.166667
3 0.166667 0.166667 0.166667
1 0.166667
2 0.166667 0.166667
4 0.166667 0.166667 0.166667 0.166667
4 0.166667 0.166667 0.166667 0.166667
3 0.166667 0.166667 0.166667
4 0.166667 0.166667 0.166667 0.166667
2 0.166667 0.166667
1 0.166667
3 0.166667 0.166667 0.166667
2 0.166667 0.166667
1 0.166667
2 0.166667 0.166667
9
3 0.166667 0.166667 0.166667
1 0.166667
3 0.166667 0.166667 0.166667
1 0.166667
2 0.166667 0.166667
4 0.166667 0.166667 0.166667 0.166667
4 0.166667 0.166667 0.166667 0.166667
3 0.166667 0.166667 0.166667
4 0.166667 0.166667 0.166667 0.166667
2 0.166667 0.166667
1 0.166667
3 0.166667 0.166667 0.166667
2 0.166667 0.166667
1 0.166667
2 0.166667 0.166667
10
3 0.166667 0.166667 0.166667
1 0.166667
3 0.166667 0.166667 0.166667
1 0.166667
2 0.166667 0.166667
4 0.166667 0.166667 0.166667 0.166667
4 0.166667 0.166667 0.166667 0.166667
3 0.166667 0.166667 0.166667
4 0.166667 0.166667 0.166667 0.166667
2 0.166667 0.166667
1 0.166667
3 0.166667 0.166667 0.166667
2 0.166667 0.166667
1 0.166667
2 0.166667 0.166667
11
3 0.166667 0.166667 0.166667
1 0.166667
3 0.166667 0.166667 0.166667
1 0.166667
2 0.166667 0.166667
4 0.166667 0.166667 0.166667 0.166667
4 0.166667 0.166667 0.166667 0.166667
3 0.166667 0.166667 0.166667
4 0.166667 0.166667 0.166667 0.166667
2 0.166667 0.166667
1 0.166667
3 0.166667 0.166667 0.166667
2 0.166667 0.166667
1 0.166667
2 0.166667 0.166667
12
3 0.166667 0.166667 0.166667
1 0.166667
3 0.166667 0.166667 0.166667
1 0.166667
2 0.166667 0.166667
4 0.166667 0.166667 0.166667 0.166667
4 0.166667 0.166667 0.166667 0.166667
3 0.166667 0.166667 0.166667
4 0.166667 0.166667 0.166667 0.166667
2 0.166667 0.166667
1 0.166667
3 0.166667 0.166667 0.166667
2 0.166667 0.166667
1 0.166667
2 0.166667 0.166667
13
3 0.166667 0.166667 0.166667
1 0.166667
3 0.166667 0.166667 0.166667
1 0.166667
2 0.166667 0.166667
4 0.166667 0.166667 0.166667 0.166667
4 0.166667 0.166667 0.166667 0.166667
3 0.166667 0.166667 0.166667
4 0.166667 0.166667 0.166667 0.166667
2 0.166667 0.166667
1 0.166667
3 0.166667 0.166667 0.166667
2 0.166667 0.166667
1 0.166667
2 0.166667 0.166667
14
3 0.166667 0.166667 0.166667
1 0.166667
3 0.166667 0.166667 0.166667
1 0.166667
2 0.166667 0.166667
4 0.166667 0.166667 0.166667 0.166667
4 0.166667 0.166667 0.166667 0.166667
3 0.166667 0.166667 0.166667
4 0.166667 0.166667 0.166667 0.166667
2 0.166667 0.166667
1 0.166667
3 0.166667 0.166667 0.166667
2 0.166667 0.166667
1 0.166667
2 0.166667 0.166667
15
3 0.166667 0.166667 0.166667
1 0.166667
3 0.166667 0.166667 0.166667
1 0.166667
2 0.166667 0.166667
4 0.166667 0.166667 0.166667 0.166667
4 0.166667 0.166667 0.166667 0.166667
3 0.166667 0.166667 0.166667
4 0.166667 0.166667 0.166667 0.166667
2 0.166667 0.166667
1 0.166667
3 0.166667 0.166667 0.166667
2 0.166667 0.166667
1 0.166667
2 0.166667 0.166667
16
3 0.166667 0.166667 0.166667
1 0.166667
3 0.166667 0.166667 0.166667
1 0.166667
2 0.166667 0.166667
4 0.166667 0.166667 0.166667 0.166667
4 0.166667 0.166667 0.166667 0.166667
3 0.166667 0.166667 0.166667
4 0.166667 0.166667 0.166667 0.166667
2 0.166667 0.166667
1 0.166667
3 0.166667 0.166667 0.166667
2 0.166667 0.166667
1 0.166667
2 0.166667 0.166667
17
3 0.166667 0.166667 0.166667
1 0.166667
3 0.166667 0.166667 0.166667
1 0.166667
2 0.166667 0.166667
4 0.166667 0.166667 0.166667 0.166667
4 0.166667 0.166667 0.166667 0.166667
3 0.166667 0.166667 0.166667
4 0.166667 0.166667 0.166667 0.166667
2 0.166667 0.166667
1 0.166667
3 0.166667 0.166667 0.166667
2 0.166667 0.166667
1 0.166667
2 0.166667 0.166667
18
3 0.166667 0.166667 0.166667
1 0.166667
3 0.166667 0.166667 0.166667
1 0.166667
2 0.166667 0.166667
4 0.166667 0.166667 0.166667 0.166667
4 0.166667 0.166667 0.166667 0.166667
3 0.166667 0.166667 0.166667
4 0.166667 0.166667 0.166667 0.166667
2 0.166667 0.166667
1 0.166667
3 0.166667 0.166667 0.166667
2 0.166667 0.166667
1 0.166667
2 0.166667 0.166667
19
3 0.166667 0.166667 0.166667
1 0.166667
3 0.166667 0.166667 0.166667
1 0.166667
2 0.166667 0.166667
4 0.166667 0.166667 0.166667 0.166667
4 0.166667 0.166667 0.166667 0.166667
3 0.166667 0.166667 0.166667
4 0.166667 0.166667 0.166667 0.166667
2 0.166667 0.166667
1 0.166667
3 0.166667 0.166667 0.166667
2 0.166667 0.166667
1 0.166667
2 0.166667 0.166667
20
3 0.166667 0.166667 0.166667
1 0.166667
3 0.166667 0.166667 0.166667
1 0.166667
2 0.166667 0.166667
4 0.166667 0.166667 0.166667 0.166667
4 0.166667 0.166667 0.166667 0.166667
3 0.166667 0.166667 0.166667
4 0.166667 0.166667 0.166667 0.166667
2 0.166667 0.166667
1 0.166667
3 0.166667 0.166667 0.166667
2 0.166667 0.166667
1 0.166667
2 0.166667 0.166667
21
3 0.166667 0.166667 0.166667
1 0.166667
3 0.166667 0.166667 0.166667
1 0.166667
2 0.166667 0.166667
4 0.166667 0.166667 0.166667 0.166667
4 0.166667 0.166667 0.166667 0.166667
3 0.166667 0.166667 0.166667
4 0.166667 0.166667 0.166667 0.166667
2 0.166667 0.166667
1 0.166667
3 0.166667 0.166667 0.166667
2 0.166667 0.166667
1 0.166667
2 0.166667 0.166667
22
3 0.166667 0.166667 0.166667
1 0.166667
3 0.166667 0.166667 0.166667
1 0.166667
2 0.166667 0.166667
4 0.166667 0.166667 0.166667 0.166667
4 0.166667 0.166667 0.166667 0.166667
3 0.166667 0.166667 0.166667
4 0.166667 0.166667 0.166667 0.166667
2 0.166667 0.166667
1 0.166667
3 0.166667 0.166667 0.166667
2 0.166667 0.166667
1 0.166667
2 0.166667 0.166667
23
3 0.166667 0.166667 0.166667
1 0.166667
3 0.166667 0.166667 0.166667
1 0.166667
2 0.166667 0.166667
4 0.166667 0.166667 0.166667 0.166667
4 0.166667 0.166667 0.166667 0.166667
3 0.166667 0.166667 0.166667
4 0.166667 0.166667 0.166667 0.166667
2 0.166667 0.166667
1 0.166667
3 0.166667 0.166667 0.166667
2 0.166667 0.166667
1 0.166667
2 0.166667 0.166667
24
3 0.166667 0.166667 0.166667
1 0.166667
3 0.166667 0.166667 0.166667
1 0.166667
2 0.166667 0.166667
4 0.166667 0.166667 0.166667 0.166667
4 0.166667 0.166667 0.166667 0.166667
3 0.166667 0.166667 0.166667
4 0.166667 0.166667 0.166667 0.166667
2 0.166667 0.166667
1 0.166667
3 0.166667 0.166667 0.166667
2 0.166667 0.166667
1 0.166667
2 0.166667 0.166667
25
3 0.166667 0.166667 0.166667
1 0.166667
3 0.166667 0.166667 0.166667
1 0.166667
2 0.166667 0.166667
4 0.166667 0.166667 0.166667 0.166667
4 0.166667 0.166667 0.166667 0.166667
3 0.166667 0.166667 0.166667
4 0.166667 0.166667 0.166667 0.166667
2 0.166667 0.166667
1 0.166667
3 0.166667 0.166667 0.166667
2 0.166667 0.166667
1 0.166667
2 0.166667 0.166667
26
3 0.166667 0.166667 0.166667
1 0.166667
3 0.166667 0.166667 0.166667
1 0.166667
2 0.166667 0.166667
4 0.166667 0.166667 0.166667 0.166667
4 0.166667 0.166667 0.166667 0.166667
3 0.166667 0.166667 0.166667
4 0.166667 0.166667 0.166667 0.166667
2 0.166667 0.166667
1 0.166667
3 0.166667 0.166667 0.166667
2 0.166667 0.166667
1 0.166667
2 0.166667 0.166667
27
3 0.166667 0.166667 0.166667
1 0.166667
3 0.166667 0.166667 0.166667
1 0.166667
2 0.166667 0.166667
4 0.166667 0.166667 0.166667 0.166667
4 0.166667 0.166667 0.166667 0.166667
3 0.166667 0.166667 0.166667
4 0.166667 0.166667 0.166667 0.166667
2 0.166667 0.166667
1 0.166667
3 0.166667 0.166667 0.166667
2 0.166667 0.166667
1 0.166667
2 0.166667 0.166667
28
3 0.166667 0.166667 0.166667
1 0.166667
3 0.166667 0.166667 0.166667
1 0.166667
2 0.166667 0.166667
4 0.166667 0.166667 0.166667 0.166667
4 0.166667 0.166667 0.166667 0.166667
3 0.166667 0.166667 0.166667
4 0.166667 0.166667 0.166667 0.166667
2 0.166667 0.166667
1 0.166667
3 0.166667 0.166667 0.166667
2 0.166667 0.166667
1 0.166667
2 0.166667 0.166667
29
3 0.166667 0.166667 0.166667
1 0.166667
3 0.166667 0.166667 0.166667
1 0.166667
2 0.166667 0.166667
4 0.166667 0.166667 0.166667 0.166667
4 0.166667 0.166667 0.166667 0.166667
3 0.166667 0.166667 0.166667
4 0.166667 0.166667 0.166667 0.166667
2 0.166667 0.166667
1 0.166667
3 0.166667 0.166667 0.166667
2 0.166667 0.166667
1 0.166667
2 0.166667 0.166667
30
3 0.166667 0.166667 0.166667
1 0.166667
3 0.166667 0.166667 0.166667
1 0.166667
2 0.166667 0.166667
4 0.166667 0.166667 0.166667 0.166667
4 0.166667 0.166667 0.166667 0.166667
3 0.166667 0.166667 0.166667
4 0.166667 0.166667 0.166667 0.166667
2 0.166667 0.166667
1 0.166667
3 0.166667 0.166667 0.166667
2 0.166667 0.166667
1 0.166667
2 0.166667 0.166667
0.0833333 0.0833333 0.0833333 
0.166667 0.166667 0.166667 0.166667 0.166667 0.166667 0.166667 0.166667 0.166667 0.166667 0.166667 0.166667 0.166667 0.166667 0.166667 
8.5 16.5 9 9.5 13.5 9.5 9.5 14 15.5 10 14 15 9 9 14.5 
9.33333 16.6667 9.83333 9.66667 14 10.6667 10.6667 14.8333 16.6667 10.5 14.1667 15.8333 9.5 9.16667 15 
7 7 7 
18 18 18 
