p-R101-P2C15-I4-V1.txt
2
15
20
30
1.5
10 1 2 3 4 5 6 7 8 9 10
10 11 12 13 14 15 16 17 18 19 20
2 1 2
3 1 2 3
2 1 2
1 1
2 1 2
1 1
1 1
1 1
1 1
2 1 2
2 1 2
1 1
2 1 2
2 1 2
5 1 2 3 4 5
0.897527 0.849837 0.687184 0.372678 0.527046 1.11803 0.87496 1.01379 0.745356 0.833333 0.600925 1.20185 1.01379 1.06719 0.6 
0.707107 1.16667 0.527046 0.235702 0.600925 1.37437 0.896908 0.666667 1.06719 0.849837 0.527046 1.06719 0.849837 1.43372 0.314466 
0.897527 0.707107 
0.849837 1.16667 
0.687184 0.527046 
0.372678 0.235702 
0.527046 0.600925 
1.11803 1.37437 
0.87496 0.896908 
1.01379 0.666667 
0.745356 1.06719 
0.833333 0.849837 
0.600925 0.527046 
1.20185 1.06719 
1.01379 0.849837 
1.06719 1.43372 
0.6 0.314466 
1
2 0.166667 0.166667
3 0.166667 0.166667 0.166667
2 0.166667 0.166667
1 0.166667
2 0.166667 0.166667
1 0.166667
1 0.166667
1 0.166667
1 0.166667
2 0.166667 0.166667
2 0.166667 0.166667
1 0.166667
2 0.166667 0.166667
2 0.166667 0.166667
5 0.166667 0.166667 0.166667 0.166667 0.166667
2
2 0.166667 0.166667
3 0.166667 0.166667 0.166667
2 0.166667 0.166667
1 0.166667
2 0.166667 0.166667
1 0.166667
1 0.166667
1 0.166667
1 0.166667
2 0.166667 0.166667
2 0.166667 0.166667
1 0.166667
2 0.166667 0.166667
2 0.166667 0.166667
5 0.166667 0.166667 0.166667 0.166667 0.166667
3
2 0.166667 0.166667
3 0.166667 0.166667 0.166667
2 0.166667 0.166667
1 0.166667
2 0.166667 0.166667
1 0.166667
1 0.166667
1 0.166667
1 0.166667
2 0.166667 0.166667
2 0.166667 0.166667
1 0.166667
2 0.166667 0.166667
2 0.166667 0.166667
5 0.166667 0.166667 0.166667 0.166667 0.166667
4
2 0.166667 0.166667
3 0.166667 0.166667 0.166667
2 0.166667 0.166667
1 0.166667
2 0.166667 0.166667
1 0.166667
1 0.166667
1 0.166667
1 0.166667
2 0.166667 0.166667
2 0.166667 0.166667
1 0.166667
2 0.166667 0.166667
2 0.166667 0.166667
5 0.166667 0.166667 0.166667 0.166667 0.166667
5
2 0.166667 0.166667
3 0.166667 0.166667 0.166667
2 0.166667 0.166667
1 0.166667
2 0.166667 0.166667
1 0.166667
1 0.166667
1 0.166667
1 0.166667
2 0.166667 0.166667
2 0.166667 0.166667
1 0.166667
2 0.166667 0.166667
2 0.166667 0.166667
5 0.166667 0.166667 0.166667 0.166667 0.166667
6
2 0.166667 0.166667
3 0.166667 0.166667 0.166667
2 0.166667 0.166667
1 0.166667
2 0.166667 0.166667
1 0.166667
1 0.166667
1 0.166667
1 0.166667
2 0.166667 0.166667
2 0.166667 0.166667
1 0.166667
2 0.166667 0.166667
2 0.166667 0.166667
5 0.166667 0.166667 0.166667 0.166667 0.166667
7
2 0.166667 0.166667
3 0.166667 0.166667 0.166667
2 0.166667 0.166667
1 0.166667
2 0.166667 0.166667
1 0.166667
1 0.166667
1 0.166667
1 0.166667
2 0.166667 0.166667
2 0.166667 0.166667
1 0.166667
2 0.166667 0.166667
2 0.166667 0.166667
5 0.166667 0.166667 0.166667 0.166667 0.166667
8
2 0.166667 0.166667
3 0.166667 0.166667 0.166667
2 0.166667 0.166667
1 0.166667
2 0.166667 0.166667
1 0.166667
1 0.166667
1 0.166667
1 0.166667
2 0.166667 0.166667
2 0.166667 0.166667
1 0.166667
2 0.166667 0.166667
2 0.166667 0.166667
5 0.166667 0.166667 0.166667 0.166667 0.166667
9
2 0.166667 0.166667
3 0.166667 0.166667 0.166667
2 0.166667 0.166667
1 0.166667
2 0.166667 0.166667
1 0.166667
1 0.166667
1 0.166667
1 0.166667
2 0.166667 0.166667
2 0.166667 0.166667
1 0.166667
2 0.166667 0.166667
2 0.166667 0.166667
5 0.166667 0.166667 0.166667 0.166667 0.166667
10
2 0.166667 0.166667
3 0.166667 0.166667 0.166667
2 0.166667 0.166667
1 0.166667
2 0.166667 0.166667
1 0.166667
1 0.166667
1 0.166667
1 0.166667
2 0.166667 0.166667
2 0.166667 0.166667
1 0.166667
2 0.166667 0.166667
2 0.166667 0.166667
5 0.166667 0.166667 0.166667 0.166667 0.166667
11
2 0.166667 0.166667
3 0.166667 0.166667 0.166667
2 0.166667 0.166667
1 0.166667
2 0.166667 0.166667
1 0.166667
1 0.166667
1 0.166667
1 0.166667
2 0.166667 0.166667
2 0.166667 0.166667
1 0.166667
2 0.166667 0.166667
2 0.166667 0.166667
5 0.166667 0.166667 0.166667 0.166667 0.166667
12
2 0.166667 0.166667
3 0.166667 0.166667 0.166667
2 0.166667 0.166667
1 0.166667
2 0.166667 0.166667
1 0.166667
1 0.166667
1 0.166667
1 0.166667
2 0.166667 0.166667
2 0.166667 0.166667
1 0.166667
2 0.166667 0.166667
2 0.166667 0.166667
5 0.166667 0.166667 0.166667 0.166667 0.166667
13
2 0.166667 0.166667
3 0.166667 0.166667 0.166667
2 0.166667 0.166667
1 0.166667
2 0.166667 0.166667
1 0.166667
1 0.166667
1 0.166667
1 0.166667
2 0.166667 0.166667
2 0.166667 0.166667
1 0.166667
2 0.166667 0.166667
2 0.166667 0.166667
5 0.166667 0.166667 0.166667 0.166667 0.166667
14
2 0.166667 0.166667
3 0.166667 0.166667 0.166667
2 0.166667 0.166667
1 0.166667
2 0.166667 0.166667
1 0.166667
1 0.166667
1 0.166667
1 0.166667
2 0.166667 0.166667
2 0.166667 0.166667
1 0.166667
2 0.166667 0.166667
2 0.166667 0.166667
5 0.166667 0.166667 0.166667 0.166667 0.166667
15
2 0.166667 0.166667
3 0.166667 0.166667 0.166667
2 0.166667 0.166667
1 0.166667
2 0.166667 0.166667
1 0.166667
1 0.166667
1 0.166667
1 0.166667
2 0.166667 0.166667
2 0.166667 0.166667
1 0.166667
2 0.166667 0.166667
2 0.166667 0.166667
5 0.166667 0.166667 0.166667 0.166667 0.166667
16
2 0.166667 0.166667
3 0.166667 0.166667 0.166667
2 0.166667 0.166667
1 0.166667
2 0.166667 0.166667
1 0.166667
1 0.166667
1 0.166667
1 0.166667
2 0.166667 0.166667
2 0.166667 0.166667
1 0.166667
2 0.166667 0.166667
2 0.166667 0.166667
5 0.166667 0.166667 0.166667 0.166667 0.166667
17
2 0.166667 0.166667
3 0.166667 0.166667 0.166667
2 0.166667 0.166667
1 0.166667
2 0.166667 0.166667
1 0.166667
1 0.166667
1 0.166667
1 0.166667
2 0.166667 0.166667
2 0.166667 0.166667
1 0.166667
2 0.166667 0.166667
2 0.166667 0.166667
5 0.166667 0.166667 0.166667 0.166667 0.166667
18
2 0.166667 0.166667
3 0.166667 0.166667 0.166667
2 0.166667 0.166667
1 0.166667
2 0.166667 0.166667
1 0.166667
1 0.166667
1 0.166667
1 0.166667
2 0.166667 0.166667
2 0.166667 0.166667
1 0.166667
2 0.166667 0.166667
2 0.166667 0.166667
5 0.166667 0.166667 0.166667 0.166667 0.166667
19
2 0.166667 0.166667
3 0.166667 0.166667 0.166667
2 0.166667 0.166667
1 0.166667
2 0.166667 0.166667
1 0.166667
1 0.166667
1 0.166667
1 0.166667
2 0.166667 0.166667
2 0.166667 0.166667
1 0.166667
2 0.166667 0.166667
2 0.166667 0.166667
5 0.166667 0.166667 0.166667 0.166667 0.166667
20
2 0.166667 0.166667
3 0.166667 0.166667 0.166667
2 0.166667 0.166667
1 0.166667
2 0.166667 0.166667
1 0.166667
1 0.166667
1 0.166667
1 0.166667
2 0.166667 0.166667
2 0.166667 0.166667
1 0.166667
2 0.166667 0.166667
2 0.166667 0.166667
5 0.166667 0.166667 0.166667 0.166667 0.166667
0.0833333 0.0833333 
0.166667 0.166667 0.166667 0.166667 0.166667 0.166667 0.166667 0.166667 0.166667 0.166667 0.166667 0.166667 0.166667 0.166667 0.166667 
10 8.5 9.5 8 8 15.5 9.5 15 15 13.5 13.5 10.5 8.5 8.5 8.5 
11.1667 10.3333 10.6667 8.5 9.16667 16 10 15.5 15.5 14.6667 14.6667 11 9.66667 9.66667 11.6667 
7 7 
18 18 
