p-R101-P1C8-I2-V2.txt
1
8
10
30
1.5
10 1 2 3 4 5 6 7 8 9 10
4 1 2 3 4
2 1 2
5 1 2 3 4 5
1 1
4 1 2 3 4
2 1 2
1 1
1 1
1.06719 1.06719 0.527046 0.707107 0.897527 1.20185 0.507718 0.6 
1.06719 
1.06719 
0.527046 
0.707107 
0.897527 
1.20185 
0.507718 
0.6 
1
4 0.166667 0.166667 0.166667 0.166667
2 0.166667 0.166667
5 0.166667 0.166667 0.166667 0.166667 0.166667
1 0.166667
4 0.166667 0.166667 0.166667 0.166667
2 0.166667 0.166667
1 0.166667
1 0.166667
2
4 0.166667 0.166667 0.166667 0.166667
2 0.166667 0.166667
5 0.166667 0.166667 0.166667 0.166667 0.166667
1 0.166667
4 0.166667 0.166667 0.166667 0.166667
2 0.166667 0.166667
1 0.166667
1 0.166667
3
4 0.166667 0.166667 0.166667 0.166667
2 0.166667 0.166667
5 0.166667 0.166667 0.166667 0.166667 0.166667
1 0.166667
4 0.166667 0.166667 0.166667 0.166667
2 0.166667 0.166667
1 0.166667
1 0.166667
4
4 0.166667 0.166667 0.166667 0.166667
2 0.166667 0.166667
5 0.166667 0.166667 0.166667 0.166667 0.166667
1 0.166667
4 0.166667 0.166667 0.166667 0.166667
2 0.166667 0.166667
1 0.166667
1 0.166667
5
4 0.166667 0.166667 0.166667 0.166667
2 0.166667 0.166667
5 0.166667 0.166667 0.166667 0.166667 0.166667
1 0.166667
4 0.166667 0.166667 0.166667 0.166667
2 0.166667 0.166667
1 0.166667
1 0.166667
6
4 0.166667 0.166667 0.166667 0.166667
2 0.166667 0.166667
5 0.166667 0.166667 0.166667 0.166667 0.166667
1 0.166667
4 0.166667 0.166667 0.166667 0.166667
2 0.166667 0.166667
1 0.166667
1 0.166667
7
4 0.166667 0.166667 0.166667 0.166667
2 0.166667 0.166667
5 0.166667 0.166667 0.166667 0.166667 0.166667
1 0.166667
4 0.166667 0.166667 0.166667 0.166667
2 0.166667 0.166667
1 0.166667
1 0.166667
8
4 0.166667 0.166667 0.166667 0.166667
2 0.166667 0.166667
5 0.166667 0.166667 0.166667 0.166667 0.166667
1 0.166667
4 0.166667 0.166667 0.166667 0.166667
2 0.166667 0.166667
1 0.166667
1 0.166667
9
4 0.166667 0.166667 0.166667 0.166667
2 0.166667 0.166667
5 0.166667 0.166667 0.166667 0.166667 0.166667
1 0.166667
4 0.166667 0.166667 0.166667 0.166667
2 0.166667 0.166667
1 0.166667
1 0.166667
10
4 0.166667 0.166667 0.166667 0.166667
2 0.166667 0.166667
5 0.166667 0.166667 0.166667 0.166667 0.166667
1 0.166667
4 0.166667 0.166667 0.166667 0.166667
2 0.166667 0.166667
1 0.166667
1 0.166667
0.0833333 
0.166667 0.166667 0.166667 0.166667 0.166667 0.166667 0.166667 0.166667 
9 8 11 10 15.5 14.5 8 16 
10.1667 8.5 12.5 10.1667 16.6667 15 8.16667 16.1667 
7 
18 
