p-R101-P2C10-I3-V2.txt
2
10
20
30
1.5
10 1 2 3 4 5 6 7 8 9 10
10 11 12 13 14 15 16 17 18 19 20
5 1 2 3 4 5
2 1 2
3 1 2 3
5 1 2 3 4 5
1 1
3 1 2 3
3 1 2 3
1 1
1 1
4 1 2 3 4
0.5 0.707107 0.687184 0.745356 1 0.833333 0.372678 1.06719 0.849837 0.372678 
1.43372 0.372678 1 1.424 1.86339 1.88562 1.05409 1.33333 0.5 1.2693 
0.5 1.43372 
0.707107 0.372678 
0.687184 1 
0.745356 1.424 
1 1.86339 
0.833333 1.88562 
0.372678 1.05409 
1.06719 1.33333 
0.849837 0.5 
0.372678 1.2693 
1
5 0.166667 0.166667 0.166667 0.166667 0.166667
2 0.166667 0.166667
3 0.166667 0.166667 0.166667
5 0.166667 0.166667 0.166667 0.166667 0.166667
1 0.166667
3 0.166667 0.166667 0.166667
3 0.166667 0.166667 0.166667
1 0.166667
1 0.166667
4 0.166667 0.166667 0.166667 0.166667
2
5 0.166667 0.166667 0.166667 0.166667 0.166667
2 0.166667 0.166667
3 0.166667 0.166667 0.166667
5 0.166667 0.166667 0.166667 0.166667 0.166667
1 0.166667
3 0.166667 0.166667 0.166667
3 0.166667 0.166667 0.166667
1 0.166667
1 0.166667
4 0.166667 0.166667 0.166667 0.166667
3
5 0.166667 0.166667 0.166667 0.166667 0.166667
2 0.166667 0.166667
3 0.166667 0.166667 0.166667
5 0.166667 0.166667 0.166667 0.166667 0.166667
1 0.166667
3 0.166667 0.166667 0.166667
3 0.166667 0.166667 0.166667
1 0.166667
1 0.166667
4 0.166667 0.166667 0.166667 0.166667
4
5 0.166667 0.166667 0.166667 0.166667 0.166667
2 0.166667 0.166667
3 0.166667 0.166667 0.166667
5 0.166667 0.166667 0.166667 0.166667 0.166667
1 0.166667
3 0.166667 0.166667 0.166667
3 0.166667 0.166667 0.166667
1 0.166667
1 0.166667
4 0.166667 0.166667 0.166667 0.166667
5
5 0.166667 0.166667 0.166667 0.166667 0.166667
2 0.166667 0.166667
3 0.166667 0.166667 0.166667
5 0.166667 0.166667 0.166667 0.166667 0.166667
1 0.166667
3 0.166667 0.166667 0.166667
3 0.166667 0.166667 0.166667
1 0.166667
1 0.166667
4 0.166667 0.166667 0.166667 0.166667
6
5 0.166667 0.166667 0.166667 0.166667 0.166667
2 0.166667 0.166667
3 0.166667 0.166667 0.166667
5 0.166667 0.166667 0.166667 0.166667 0.166667
1 0.166667
3 0.166667 0.166667 0.166667
3 0.166667 0.166667 0.166667
1 0.166667
1 0.166667
4 0.166667 0.166667 0.166667 0.166667
7
5 0.166667 0.166667 0.166667 0.166667 0.166667
2 0.166667 0.166667
3 0.166667 0.166667 0.166667
5 0.166667 0.166667 0.166667 0.166667 0.166667
1 0.166667
3 0.166667 0.166667 0.166667
3 0.166667 0.166667 0.166667
1 0.166667
1 0.166667
4 0.166667 0.166667 0.166667 0.166667
8
5 0.166667 0.166667 0.166667 0.166667 0.166667
2 0.166667 0.166667
3 0.166667 0.166667 0.166667
5 0.166667 0.166667 0.166667 0.166667 0.166667
1 0.166667
3 0.166667 0.166667 0.166667
3 0.166667 0.166667 0.166667
1 0.166667
1 0.166667
4 0.166667 0.166667 0.166667 0.166667
9
5 0.166667 0.166667 0.166667 0.166667 0.166667
2 0.166667 0.166667
3 0.166667 0.166667 0.166667
5 0.166667 0.166667 0.166667 0.166667 0.166667
1 0.166667
3 0.166667 0.166667 0.166667
3 0.166667 0.166667 0.166667
1 0.166667
1 0.166667
4 0.166667 0.166667 0.166667 0.166667
10
5 0.166667 0.166667 0.166667 0.166667 0.166667
2 0.166667 0.166667
3 0.166667 0.166667 0.166667
5 0.166667 0.166667 0.166667 0.166667 0.166667
1 0.166667
3 0.166667 0.166667 0.166667
3 0.166667 0.166667 0.166667
1 0.166667
1 0.166667
4 0.166667 0.166667 0.166667 0.166667
11
5 0.166667 0.166667 0.166667 0.166667 0.166667
2 0.166667 0.166667
3 0.166667 0.166667 0.166667
5 0.166667 0.166667 0.166667 0.166667 0.166667
1 0.166667
3 0.166667 0.166667 0.166667
3 0.166667 0.166667 0.166667
1 0.166667
1 0.166667
4 0.166667 0.166667 0.166667 0.166667
12
5 0.166667 0.166667 0.166667 0.166667 0.166667
2 0.166667 0.166667
3 0.166667 0.166667 0.166667
5 0.166667 0.166667 0.166667 0.166667 0.166667
1 0.166667
3 0.166667 0.166667 0.166667
3 0.166667 0.166667 0.166667
1 0.166667
1 0.166667
4 0.166667 0.166667 0.166667 0.166667
13
5 0.166667 0.166667 0.166667 0.166667 0.166667
2 0.166667 0.166667
3 0.166667 0.166667 0.166667
5 0.166667 0.166667 0.166667 0.166667 0.166667
1 0.166667
3 0.166667 0.166667 0.166667
3 0.166667 0.166667 0.166667
1 0.166667
1 0.166667
4 0.166667 0.166667 0.166667 0.166667
14
5 0.166667 0.166667 0.166667 0.166667 0.166667
2 0.166667 0.166667
3 0.166667 0.166667 0.166667
5 0.166667 0.166667 0.166667 0.166667 0.166667
1 0.166667
3 0.166667 0.166667 0.166667
3 0.166667 0.166667 0.166667
1 0.166667
1 0.166667
4 0.166667 0.166667 0.166667 0.166667
15
5 0.166667 0.166667 0.166667 0.166667 0.166667
2 0.166667 0.166667
3 0.166667 0.166667 0.166667
5 0.166667 0.166667 0.166667 0.166667 0.166667
1 0.166667
3 0.166667 0.166667 0.166667
3 0.166667 0.166667 0.166667
1 0.166667
1 0.166667
4 0.166667 0.166667 0.166667 0.166667
16
5 0.166667 0.166667 0.166667 0.166667 0.166667
2 0.166667 0.166667
3 0.166667 0.166667 0.166667
5 0.166667 0.166667 0.166667 0.166667 0.166667
1 0.166667
3 0.166667 0.166667 0.166667
3 0.166667 0.166667 0.166667
1 0.166667
1 0.166667
4 0.166667 0.166667 0.166667 0.166667
17
5 0.166667 0.166667 0.166667 0.166667 0.166667
2 0.166667 0.166667
3 0.166667 0.166667 0.166667
5 0.166667 0.166667 0.166667 0.166667 0.166667
1 0.166667
3 0.166667 0.166667 0.166667
3 0.166667 0.166667 0.166667
1 0.166667
1 0.166667
4 0.166667 0.166667 0.166667 0.166667
18
5 0.166667 0.166667 0.166667 0.166667 0.166667
2 0.166667 0.166667
3 0.166667 0.166667 0.166667
5 0.166667 0.166667 0.166667 0.166667 0.166667
1 0.166667
3 0.166667 0.166667 0.166667
3 0.166667 0.166667 0.166667
1 0.166667
1 0.166667
4 0.166667 0.166667 0.166667 0.166667
19
5 0.166667 0.166667 0.166667 0.166667 0.166667
2 0.166667 0.166667
3 0.166667 0.166667 0.166667
5 0.166667 0.166667 0.166667 0.166667 0.166667
1 0.166667
3 0.166667 0.166667 0.166667
3 0.166667 0.166667 0.166667
1 0.166667
1 0.166667
4 0.166667 0.166667 0.166667 0.166667
20
5 0.166667 0.166667 0.166667 0.166667 0.166667
2 0.166667 0.166667
3 0.166667 0.166667 0.166667
5 0.166667 0.166667 0.166667 0.166667 0.166667
1 0.166667
3 0.166667 0.166667 0.166667
3 0.166667 0.166667 0.166667
1 0.166667
1 0.166667
4 0.166667 0.166667 0.166667 0.166667
0.0833333 0.0833333 
0.166667 0.166667 0.166667 0.166667 0.166667 0.166667 0.166667 0.166667 0.166667 0.166667 
14 14.5 9.5 9 15.5 15 13.5 8.5 16 8.5 
16.3333 15.3333 10.8333 11.3333 15.8333 16.3333 14.8333 8.83333 16.3333 10.3333 
7 7 
18 18 
