p-R101-P1C5-I2-V3.txt
1
5
10
30
1.5
10 1 2 3 4 5 6 7 8 9 10
2 1 2
1 1
4 1 2 3 4
4 1 2 3 4
2 1 2
0.527046 0.971825 1 0.372678 0.600925 
0.527046 
0.971825 
1 
0.372678 
0.600925 
1
2 0.166667 0.166667
1 0.166667
4 0.166667 0.166667 0.166667 0.166667
4 0.166667 0.166667 0.166667 0.166667
2 0.166667 0.166667
2
2 0.166667 0.166667
1 0.166667
4 0.166667 0.166667 0.166667 0.166667
4 0.166667 0.166667 0.166667 0.166667
2 0.166667 0.166667
3
2 0.166667 0.166667
1 0.166667
4 0.166667 0.166667 0.166667 0.166667
4 0.166667 0.166667 0.166667 0.166667
2 0.166667 0.166667
4
2 0.166667 0.166667
1 0.166667
4 0.166667 0.166667 0.166667 0.166667
4 0.166667 0.166667 0.166667 0.166667
2 0.166667 0.166667
5
2 0.166667 0.166667
1 0.166667
4 0.166667 0.166667 0.166667 0.166667
4 0.166667 0.166667 0.166667 0.166667
2 0.166667 0.166667
6
2 0.166667 0.166667
1 0.166667
4 0.166667 0.166667 0.166667 0.166667
4 0.166667 0.166667 0.166667 0.166667
2 0.166667 0.166667
7
2 0.166667 0.166667
1 0.166667
4 0.166667 0.166667 0.166667 0.166667
4 0.166667 0.166667 0.166667 0.166667
2 0.166667 0.166667
8
2 0.166667 0.166667
1 0.166667
4 0.166667 0.166667 0.166667 0.166667
4 0.166667 0.166667 0.166667 0.166667
2 0.166667 0.166667
9
2 0.166667 0.166667
1 0.166667
4 0.166667 0.166667 0.166667 0.166667
4 0.166667 0.166667 0.166667 0.166667
2 0.166667 0.166667
10
2 0.166667 0.166667
1 0.166667
4 0.166667 0.166667 0.166667 0.166667
4 0.166667 0.166667 0.166667 0.166667
2 0.166667 0.166667
0.0833333 
0.166667 0.166667 0.166667 0.166667 0.166667 
15.5 8.5 10 10.5 8 
16 8.66667 11.1667 11.6667 8.5 
7 
18 
