p-R3P5JD15-V2
3
15
30
30
1.5
10 1 2 3 4 5 6 7 8 9 10
10 11 12 13 14 15 16 17 18 19 20
10 21 22 23 24 25 26 27 28 29 30
3 1 2 3
1 1
4 1 2 3 4
1 1
4 1 2 3 4
3 1 2 3
4 1 2 3 4
4 1 2 3 4
1 1
4 1 2 3 4
4 1 2 3 4
5 1 2 3 4 5
3 1 2 3
2 1 2
2 1 2
0.485341 0.700793 1.05251 0.593483 0.518545 1.08525 0.880025 0.827983 1.56241 1.51181 0.554777 0.975819 1.30682 1.53912 0.926163 
1.424 0.687184 0.46428 1.66667 1.11803 0.795124 0.527046 0.333333 0.666667 0.971825 1.17851 1.05409 1.20185 1.57233 1.67498 
0.833333 1.53659 1.68457 1.33333 1.57233 0.674125 0.849837 1.05409 1.37437 0.971825 0.527046 0.333333 0.471405 0.5 0.600925 
0.485341 1.424 0.833333 
0.700793 0.687184 1.53659 
1.05251 0.46428 1.68457 
0.593483 1.66667 1.33333 
0.518545 1.11803 1.57233 
1.08525 0.795124 0.674125 
0.880025 0.527046 0.849837 
0.827983 0.333333 1.05409 
1.56241 0.666667 1.37437 
1.51181 0.971825 0.971825 
0.554777 1.17851 0.527046 
0.975819 1.05409 0.333333 
1.30682 1.20185 0.471405 
1.53912 1.57233 0.5 
0.926163 1.67498 0.600925 
1
3 0.166667 0.166667 0.166667
1 0.166667
4 0.166667 0.166667 0.166667 0.166667
1 0.166667
4 0.166667 0.166667 0.166667 0.166667
3 0.166667 0.166667 0.166667
4 0.166667 0.166667 0.166667 0.166667
4 0.166667 0.166667 0.166667 0.166667
1 0.166667
4 0.166667 0.166667 0.166667 0.166667
4 0.166667 0.166667 0.166667 0.166667
5 0.166667 0.166667 0.166667 0.166667 0.166667
3 0.166667 0.166667 0.166667
2 0.166667 0.166667
2 0.166667 0.166667
2
3 0.166667 0.166667 0.166667
1 0.166667
4 0.166667 0.166667 0.166667 0.166667
1 0.166667
4 0.166667 0.166667 0.166667 0.166667
3 0.166667 0.166667 0.166667
4 0.166667 0.166667 0.166667 0.166667
4 0.166667 0.166667 0.166667 0.166667
1 0.166667
4 0.166667 0.166667 0.166667 0.166667
4 0.166667 0.166667 0.166667 0.166667
5 0.166667 0.166667 0.166667 0.166667 0.166667
3 0.166667 0.166667 0.166667
2 0.166667 0.166667
2 0.166667 0.166667
3
3 0.166667 0.166667 0.166667
1 0.166667
4 0.166667 0.166667 0.166667 0.166667
1 0.166667
4 0.166667 0.166667 0.166667 0.166667
3 0.166667 0.166667 0.166667
4 0.166667 0.166667 0.166667 0.166667
4 0.166667 0.166667 0.166667 0.166667
1 0.166667
4 0.166667 0.166667 0.166667 0.166667
4 0.166667 0.166667 0.166667 0.166667
5 0.166667 0.166667 0.166667 0.166667 0.166667
3 0.166667 0.166667 0.166667
2 0.166667 0.166667
2 0.166667 0.166667
4
3 0.166667 0.166667 0.166667
1 0.166667
4 0.166667 0.166667 0.166667 0.166667
1 0.166667
4 0.166667 0.166667 0.166667 0.166667
3 0.166667 0.166667 0.166667
4 0.166667 0.166667 0.166667 0.166667
4 0.166667 0.166667 0.166667 0.166667
1 0.166667
4 0.166667 0.166667 0.166667 0.166667
4 0.166667 0.166667 0.166667 0.166667
5 0.166667 0.166667 0.166667 0.166667 0.166667
3 0.166667 0.166667 0.166667
2 0.166667 0.166667
2 0.166667 0.166667
5
3 0.166667 0.166667 0.166667
1 0.166667
4 0.166667 0.166667 0.166667 0.166667
1 0.166667
4 0.166667 0.166667 0.166667 0.166667
3 0.166667 0.166667 0.166667
4 0.166667 0.166667 0.166667 0.166667
4 0.166667 0.166667 0.166667 0.166667
1 0.166667
4 0.166667 0.166667 0.166667 0.166667
4 0.166667 0.166667 0.166667 0.166667
5 0.166667 0.166667 0.166667 0.166667 0.166667
3 0.166667 0.166667 0.166667
2 0.166667 0.166667
2 0.166667 0.166667
6
3 0.166667 0.166667 0.166667
1 0.166667
4 0.166667 0.166667 0.166667 0.166667
1 0.166667
4 0.166667 0.166667 0.166667 0.166667
3 0.166667 0.166667 0.166667
4 0.166667 0.166667 0.166667 0.166667
4 0.166667 0.166667 0.166667 0.166667
1 0.166667
4 0.166667 0.166667 0.166667 0.166667
4 0.166667 0.166667 0.166667 0.166667
5 0.166667 0.166667 0.166667 0.166667 0.166667
3 0.166667 0.166667 0.166667
2 0.166667 0.166667
2 0.166667 0.166667
7
3 0.166667 0.166667 0.166667
1 0.166667
4 0.166667 0.166667 0.166667 0.166667
1 0.166667
4 0.166667 0.166667 0.166667 0.166667
3 0.166667 0.166667 0.166667
4 0.166667 0.166667 0.166667 0.166667
4 0.166667 0.166667 0.166667 0.166667
1 0.166667
4 0.166667 0.166667 0.166667 0.166667
4 0.166667 0.166667 0.166667 0.166667
5 0.166667 0.166667 0.166667 0.166667 0.166667
3 0.166667 0.166667 0.166667
2 0.166667 0.166667
2 0.166667 0.166667
8
3 0.166667 0.166667 0.166667
1 0.166667
4 0.166667 0.166667 0.166667 0.166667
1 0.166667
4 0.166667 0.166667 0.166667 0.166667
3 0.166667 0.166667 0.166667
4 0.166667 0.166667 0.166667 0.166667
4 0.166667 0.166667 0.166667 0.166667
1 0.166667
4 0.166667 0.166667 0.166667 0.166667
4 0.166667 0.166667 0.166667 0.166667
5 0.166667 0.166667 0.166667 0.166667 0.166667
3 0.166667 0.166667 0.166667
2 0.166667 0.166667
2 0.166667 0.166667
9
3 0.166667 0.166667 0.166667
1 0.166667
4 0.166667 0.166667 0.166667 0.166667
1 0.166667
4 0.166667 0.166667 0.166667 0.166667
3 0.166667 0.166667 0.166667
4 0.166667 0.166667 0.166667 0.166667
4 0.166667 0.166667 0.166667 0.166667
1 0.166667
4 0.166667 0.166667 0.166667 0.166667
4 0.166667 0.166667 0.166667 0.166667
5 0.166667 0.166667 0.166667 0.166667 0.166667
3 0.166667 0.166667 0.166667
2 0.166667 0.166667
2 0.166667 0.166667
10
3 0.166667 0.166667 0.166667
1 0.166667
4 0.166667 0.166667 0.166667 0.166667
1 0.166667
4 0.166667 0.166667 0.166667 0.166667
3 0.166667 0.166667 0.166667
4 0.166667 0.166667 0.166667 0.166667
4 0.166667 0.166667 0.166667 0.166667
1 0.166667
4 0.166667 0.166667 0.166667 0.166667
4 0.166667 0.166667 0.166667 0.166667
5 0.166667 0.166667 0.166667 0.166667 0.166667
3 0.166667 0.166667 0.166667
2 0.166667 0.166667
2 0.166667 0.166667
11
3 0.166667 0.166667 0.166667
1 0.166667
4 0.166667 0.166667 0.166667 0.166667
1 0.166667
4 0.166667 0.166667 0.166667 0.166667
3 0.166667 0.166667 0.166667
4 0.166667 0.166667 0.166667 0.166667
4 0.166667 0.166667 0.166667 0.166667
1 0.166667
4 0.166667 0.166667 0.166667 0.166667
4 0.166667 0.166667 0.166667 0.166667
5 0.166667 0.166667 0.166667 0.166667 0.166667
3 0.166667 0.166667 0.166667
2 0.166667 0.166667
2 0.166667 0.166667
12
3 0.166667 0.166667 0.166667
1 0.166667
4 0.166667 0.166667 0.166667 0.166667
1 0.166667
4 0.166667 0.166667 0.166667 0.166667
3 0.166667 0.166667 0.166667
4 0.166667 0.166667 0.166667 0.166667
4 0.166667 0.166667 0.166667 0.166667
1 0.166667
4 0.166667 0.166667 0.166667 0.166667
4 0.166667 0.166667 0.166667 0.166667
5 0.166667 0.166667 0.166667 0.166667 0.166667
3 0.166667 0.166667 0.166667
2 0.166667 0.166667
2 0.166667 0.166667
13
3 0.166667 0.166667 0.166667
1 0.166667
4 0.166667 0.166667 0.166667 0.166667
1 0.166667
4 0.166667 0.166667 0.166667 0.166667
3 0.166667 0.166667 0.166667
4 0.166667 0.166667 0.166667 0.166667
4 0.166667 0.166667 0.166667 0.166667
1 0.166667
4 0.166667 0.166667 0.166667 0.166667
4 0.166667 0.166667 0.166667 0.166667
5 0.166667 0.166667 0.166667 0.166667 0.166667
3 0.166667 0.166667 0.166667
2 0.166667 0.166667
2 0.166667 0.166667
14
3 0.166667 0.166667 0.166667
1 0.166667
4 0.166667 0.166667 0.166667 0.166667
1 0.166667
4 0.166667 0.166667 0.166667 0.166667
3 0.166667 0.166667 0.166667
4 0.166667 0.166667 0.166667 0.166667
4 0.166667 0.166667 0.166667 0.166667
1 0.166667
4 0.166667 0.166667 0.166667 0.166667
4 0.166667 0.166667 0.166667 0.166667
5 0.166667 0.166667 0.166667 0.166667 0.166667
3 0.166667 0.166667 0.166667
2 0.166667 0.166667
2 0.166667 0.166667
15
3 0.166667 0.166667 0.166667
1 0.166667
4 0.166667 0.166667 0.166667 0.166667
1 0.166667
4 0.166667 0.166667 0.166667 0.166667
3 0.166667 0.166667 0.166667
4 0.166667 0.166667 0.166667 0.166667
4 0.166667 0.166667 0.166667 0.166667
1 0.166667
4 0.166667 0.166667 0.166667 0.166667
4 0.166667 0.166667 0.166667 0.166667
5 0.166667 0.166667 0.166667 0.166667 0.166667
3 0.166667 0.166667 0.166667
2 0.166667 0.166667
2 0.166667 0.166667
16
3 0.166667 0.166667 0.166667
1 0.166667
4 0.166667 0.166667 0.166667 0.166667
1 0.166667
4 0.166667 0.166667 0.166667 0.166667
3 0.166667 0.166667 0.166667
4 0.166667 0.166667 0.166667 0.166667
4 0.166667 0.166667 0.166667 0.166667
1 0.166667
4 0.166667 0.166667 0.166667 0.166667
4 0.166667 0.166667 0.166667 0.166667
5 0.166667 0.166667 0.166667 0.166667 0.166667
3 0.166667 0.166667 0.166667
2 0.166667 0.166667
2 0.166667 0.166667
17
3 0.166667 0.166667 0.166667
1 0.166667
4 0.166667 0.166667 0.166667 0.166667
1 0.166667
4 0.166667 0.166667 0.166667 0.166667
3 0.166667 0.166667 0.166667
4 0.166667 0.166667 0.166667 0.166667
4 0.166667 0.166667 0.166667 0.166667
1 0.166667
4 0.166667 0.166667 0.166667 0.166667
4 0.166667 0.166667 0.166667 0.166667
5 0.166667 0.166667 0.166667 0.166667 0.166667
3 0.166667 0.166667 0.166667
2 0.166667 0.166667
2 0.166667 0.166667
18
3 0.166667 0.166667 0.166667
1 0.166667
4 0.166667 0.166667 0.166667 0.166667
1 0.166667
4 0.166667 0.166667 0.166667 0.166667
3 0.166667 0.166667 0.166667
4 0.166667 0.166667 0.166667 0.166667
4 0.166667 0.166667 0.166667 0.166667
1 0.166667
4 0.166667 0.166667 0.166667 0.166667
4 0.166667 0.166667 0.166667 0.166667
5 0.166667 0.166667 0.166667 0.166667 0.166667
3 0.166667 0.166667 0.166667
2 0.166667 0.166667
2 0.166667 0.166667
19
3 0.166667 0.166667 0.166667
1 0.166667
4 0.166667 0.166667 0.166667 0.166667
1 0.166667
4 0.166667 0.166667 0.166667 0.166667
3 0.166667 0.166667 0.166667
4 0.166667 0.166667 0.166667 0.166667
4 0.166667 0.166667 0.166667 0.166667
1 0.166667
4 0.166667 0.166667 0.166667 0.166667
4 0.166667 0.166667 0.166667 0.166667
5 0.166667 0.166667 0.166667 0.166667 0.166667
3 0.166667 0.166667 0.166667
2 0.166667 0.166667
2 0.166667 0.166667
20
3 0.166667 0.166667 0.166667
1 0.166667
4 0.166667 0.166667 0.166667 0.166667
1 0.166667
4 0.166667 0.166667 0.166667 0.166667
3 0.166667 0.166667 0.166667
4 0.166667 0.166667 0.166667 0.166667
4 0.166667 0.166667 0.166667 0.166667
1 0.166667
4 0.166667 0.166667 0.166667 0.166667
4 0.166667 0.166667 0.166667 0.166667
5 0.166667 0.166667 0.166667 0.166667 0.166667
3 0.166667 0.166667 0.166667
2 0.166667 0.166667
2 0.166667 0.166667
21
3 0.166667 0.166667 0.166667
1 0.166667
4 0.166667 0.166667 0.166667 0.166667
1 0.166667
4 0.166667 0.166667 0.166667 0.166667
3 0.166667 0.166667 0.166667
4 0.166667 0.166667 0.166667 0.166667
4 0.166667 0.166667 0.166667 0.166667
1 0.166667
4 0.166667 0.166667 0.166667 0.166667
4 0.166667 0.166667 0.166667 0.166667
5 0.166667 0.166667 0.166667 0.166667 0.166667
3 0.166667 0.166667 0.166667
2 0.166667 0.166667
2 0.166667 0.166667
22
3 0.166667 0.166667 0.166667
1 0.166667
4 0.166667 0.166667 0.166667 0.166667
1 0.166667
4 0.166667 0.166667 0.166667 0.166667
3 0.166667 0.166667 0.166667
4 0.166667 0.166667 0.166667 0.166667
4 0.166667 0.166667 0.166667 0.166667
1 0.166667
4 0.166667 0.166667 0.166667 0.166667
4 0.166667 0.166667 0.166667 0.166667
5 0.166667 0.166667 0.166667 0.166667 0.166667
3 0.166667 0.166667 0.166667
2 0.166667 0.166667
2 0.166667 0.166667
23
3 0.166667 0.166667 0.166667
1 0.166667
4 0.166667 0.166667 0.166667 0.166667
1 0.166667
4 0.166667 0.166667 0.166667 0.166667
3 0.166667 0.166667 0.166667
4 0.166667 0.166667 0.166667 0.166667
4 0.166667 0.166667 0.166667 0.166667
1 0.166667
4 0.166667 0.166667 0.166667 0.166667
4 0.166667 0.166667 0.166667 0.166667
5 0.166667 0.166667 0.166667 0.166667 0.166667
3 0.166667 0.166667 0.166667
2 0.166667 0.166667
2 0.166667 0.166667
24
3 0.166667 0.166667 0.166667
1 0.166667
4 0.166667 0.166667 0.166667 0.166667
1 0.166667
4 0.166667 0.166667 0.166667 0.166667
3 0.166667 0.166667 0.166667
4 0.166667 0.166667 0.166667 0.166667
4 0.166667 0.166667 0.166667 0.166667
1 0.166667
4 0.166667 0.166667 0.166667 0.166667
4 0.166667 0.166667 0.166667 0.166667
5 0.166667 0.166667 0.166667 0.166667 0.166667
3 0.166667 0.166667 0.166667
2 0.166667 0.166667
2 0.166667 0.166667
25
3 0.166667 0.166667 0.166667
1 0.166667
4 0.166667 0.166667 0.166667 0.166667
1 0.166667
4 0.166667 0.166667 0.166667 0.166667
3 0.166667 0.166667 0.166667
4 0.166667 0.166667 0.166667 0.166667
4 0.166667 0.166667 0.166667 0.166667
1 0.166667
4 0.166667 0.166667 0.166667 0.166667
4 0.166667 0.166667 0.166667 0.166667
5 0.166667 0.166667 0.166667 0.166667 0.166667
3 0.166667 0.166667 0.166667
2 0.166667 0.166667
2 0.166667 0.166667
26
3 0.166667 0.166667 0.166667
1 0.166667
4 0.166667 0.166667 0.166667 0.166667
1 0.166667
4 0.166667 0.166667 0.166667 0.166667
3 0.166667 0.166667 0.166667
4 0.166667 0.166667 0.166667 0.166667
4 0.166667 0.166667 0.166667 0.166667
1 0.166667
4 0.166667 0.166667 0.166667 0.166667
4 0.166667 0.166667 0.166667 0.166667
5 0.166667 0.166667 0.166667 0.166667 0.166667
3 0.166667 0.166667 0.166667
2 0.166667 0.166667
2 0.166667 0.166667
27
3 0.166667 0.166667 0.166667
1 0.166667
4 0.166667 0.166667 0.166667 0.166667
1 0.166667
4 0.166667 0.166667 0.166667 0.166667
3 0.166667 0.166667 0.166667
4 0.166667 0.166667 0.166667 0.166667
4 0.166667 0.166667 0.166667 0.166667
1 0.166667
4 0.166667 0.166667 0.166667 0.166667
4 0.166667 0.166667 0.166667 0.166667
5 0.166667 0.166667 0.166667 0.166667 0.166667
3 0.166667 0.166667 0.166667
2 0.166667 0.166667
2 0.166667 0.166667
28
3 0.166667 0.166667 0.166667
1 0.166667
4 0.166667 0.166667 0.166667 0.166667
1 0.166667
4 0.166667 0.166667 0.166667 0.166667
3 0.166667 0.166667 0.166667
4 0.166667 0.166667 0.166667 0.166667
4 0.166667 0.166667 0.166667 0.166667
1 0.166667
4 0.166667 0.166667 0.166667 0.166667
4 0.166667 0.166667 0.166667 0.166667
5 0.166667 0.166667 0.166667 0.166667 0.166667
3 0.166667 0.166667 0.166667
2 0.166667 0.166667
2 0.166667 0.166667
29
3 0.166667 0.166667 0.166667
1 0.166667
4 0.166667 0.166667 0.166667 0.166667
1 0.166667
4 0.166667 0.166667 0.166667 0.166667
3 0.166667 0.166667 0.166667
4 0.166667 0.166667 0.166667 0.166667
4 0.166667 0.166667 0.166667 0.166667
1 0.166667
4 0.166667 0.166667 0.166667 0.166667
4 0.166667 0.166667 0.166667 0.166667
5 0.166667 0.166667 0.166667 0.166667 0.166667
3 0.166667 0.166667 0.166667
2 0.166667 0.166667
2 0.166667 0.166667
30
3 0.166667 0.166667 0.166667
1 0.166667
4 0.166667 0.166667 0.166667 0.166667
1 0.166667
4 0.166667 0.166667 0.166667 0.166667
3 0.166667 0.166667 0.166667
4 0.166667 0.166667 0.166667 0.166667
4 0.166667 0.166667 0.166667 0.166667
1 0.166667
4 0.166667 0.166667 0.166667 0.166667
4 0.166667 0.166667 0.166667 0.166667
5 0.166667 0.166667 0.166667 0.166667 0.166667
3 0.166667 0.166667 0.166667
2 0.166667 0.166667
2 0.166667 0.166667
0.0833333 0.0833333 0.0833333 
0.166667 0.166667 0.166667 0.166667 0.166667 0.166667 0.166667 0.166667 0.166667 0.166667 0.166667 0.166667 0.166667 0.166667 0.166667 
8 		8.5 	8.5 	9.25 		9.5			8 			8.5		 	9.25	 	10 			10 			8 		8.5 	9.5 		9.75	 	10 
8.75 	8.75 	9.5 	9.5 		10.5  		8.75 		9.5 		10.25 		10.25 		10.75 		9 		9.75 	10.25	 	10.25	 	10.5 
7 7 7 
18 18 18 
