p-RC101-P1C8-I3-V3.txt
1
8
10
30
1.5
10 1 2 3 4 5 6 7 8 9 10
1 1
5 1 2 3 4 5
2 1 2
1 1
3 1 2 3
2 1 2
1 1
5 1 2 3 4 5
1.34371 1.34371 1.31191 1.11754 1.11006 1.37437 1.17851 1.50923 
1.34371 
1.34371 
1.31191 
1.11754 
1.11006 
1.37437 
1.17851 
1.50923 
1
1 0.166667
5 0.166667 0.166667 0.166667 0.166667 0.166667
2 0.166667 0.166667
1 0.166667
3 0.166667 0.166667 0.166667
2 0.166667 0.166667
1 0.166667
5 0.166667 0.166667 0.166667 0.166667 0.166667
2
1 0.166667
5 0.166667 0.166667 0.166667 0.166667 0.166667
2 0.166667 0.166667
1 0.166667
3 0.166667 0.166667 0.166667
2 0.166667 0.166667
1 0.166667
5 0.166667 0.166667 0.166667 0.166667 0.166667
3
1 0.166667
5 0.166667 0.166667 0.166667 0.166667 0.166667
2 0.166667 0.166667
1 0.166667
3 0.166667 0.166667 0.166667
2 0.166667 0.166667
1 0.166667
5 0.166667 0.166667 0.166667 0.166667 0.166667
4
1 0.166667
5 0.166667 0.166667 0.166667 0.166667 0.166667
2 0.166667 0.166667
1 0.166667
3 0.166667 0.166667 0.166667
2 0.166667 0.166667
1 0.166667
5 0.166667 0.166667 0.166667 0.166667 0.166667
5
1 0.166667
5 0.166667 0.166667 0.166667 0.166667 0.166667
2 0.166667 0.166667
1 0.166667
3 0.166667 0.166667 0.166667
2 0.166667 0.166667
1 0.166667
5 0.166667 0.166667 0.166667 0.166667 0.166667
6
1 0.166667
5 0.166667 0.166667 0.166667 0.166667 0.166667
2 0.166667 0.166667
1 0.166667
3 0.166667 0.166667 0.166667
2 0.166667 0.166667
1 0.166667
5 0.166667 0.166667 0.166667 0.166667 0.166667
7
1 0.166667
5 0.166667 0.166667 0.166667 0.166667 0.166667
2 0.166667 0.166667
1 0.166667
3 0.166667 0.166667 0.166667
2 0.166667 0.166667
1 0.166667
5 0.166667 0.166667 0.166667 0.166667 0.166667
8
1 0.166667
5 0.166667 0.166667 0.166667 0.166667 0.166667
2 0.166667 0.166667
1 0.166667
3 0.166667 0.166667 0.166667
2 0.166667 0.166667
1 0.166667
5 0.166667 0.166667 0.166667 0.166667 0.166667
9
1 0.166667
5 0.166667 0.166667 0.166667 0.166667 0.166667
2 0.166667 0.166667
1 0.166667
3 0.166667 0.166667 0.166667
2 0.166667 0.166667
1 0.166667
5 0.166667 0.166667 0.166667 0.166667 0.166667
10
1 0.166667
5 0.166667 0.166667 0.166667 0.166667 0.166667
2 0.166667 0.166667
1 0.166667
3 0.166667 0.166667 0.166667
2 0.166667 0.166667
1 0.166667
5 0.166667 0.166667 0.166667 0.166667 0.166667
0.0833333 
0.166667 0.166667 0.166667 0.166667 0.166667 0.166667 0.166667 0.166667 
14.5 8.5 13.5 9.5 9.5 10 11 10 
14.8333 10.8333 14.3333 9.83333 10.8333 10.8333 11.3333 12.3333 
7 
18 
