p-RC101-P1C5-I3-V1.txt
1
5
10
30
1.5
10 1 2 3 4 5 6 7 8 9 10
2 1 2
1 1
5 1 2 3 4 5
3 1 2 3
3 1 2 3
1.31191 1.07961 1.37437 1.02686 1.34371 
1.31191 
1.07961 
1.37437 
1.02686 
1.34371 
1
2 0.166667 0.166667
1 0.166667
5 0.166667 0.166667 0.166667 0.166667 0.166667
3 0.166667 0.166667 0.166667
3 0.166667 0.166667 0.166667
2
2 0.166667 0.166667
1 0.166667
5 0.166667 0.166667 0.166667 0.166667 0.166667
3 0.166667 0.166667 0.166667
3 0.166667 0.166667 0.166667
3
2 0.166667 0.166667
1 0.166667
5 0.166667 0.166667 0.166667 0.166667 0.166667
3 0.166667 0.166667 0.166667
3 0.166667 0.166667 0.166667
4
2 0.166667 0.166667
1 0.166667
5 0.166667 0.166667 0.166667 0.166667 0.166667
3 0.166667 0.166667 0.166667
3 0.166667 0.166667 0.166667
5
2 0.166667 0.166667
1 0.166667
5 0.166667 0.166667 0.166667 0.166667 0.166667
3 0.166667 0.166667 0.166667
3 0.166667 0.166667 0.166667
6
2 0.166667 0.166667
1 0.166667
5 0.166667 0.166667 0.166667 0.166667 0.166667
3 0.166667 0.166667 0.166667
3 0.166667 0.166667 0.166667
7
2 0.166667 0.166667
1 0.166667
5 0.166667 0.166667 0.166667 0.166667 0.166667
3 0.166667 0.166667 0.166667
3 0.166667 0.166667 0.166667
8
2 0.166667 0.166667
1 0.166667
5 0.166667 0.166667 0.166667 0.166667 0.166667
3 0.166667 0.166667 0.166667
3 0.166667 0.166667 0.166667
9
2 0.166667 0.166667
1 0.166667
5 0.166667 0.166667 0.166667 0.166667 0.166667
3 0.166667 0.166667 0.166667
3 0.166667 0.166667 0.166667
10
2 0.166667 0.166667
1 0.166667
5 0.166667 0.166667 0.166667 0.166667 0.166667
3 0.166667 0.166667 0.166667
3 0.166667 0.166667 0.166667
0.0833333 
0.166667 0.166667 0.166667 0.166667 0.166667 
9 16 8 9 9 
9.83333 16.3333 10.3333 10.3333 10.3333 
7 
18 
