p-RC101-P1C8-I2-V1.txt
1
8
10
30
1.5
10 1 2 3 4 5 6 7 8 9 10
2 1 2
2 1 2
2 1 2
2 1 2
4 1 2 3 4
3 1 2 3
4 1 2 3 4
4 1 2 3 4
1.50923 1.20185 1.2693 1.16667 1.50591 1.05409 1.17851 1.30171 
1.50923 
1.20185 
1.2693 
1.16667 
1.50591 
1.05409 
1.17851 
1.30171 
1
2 0.166667 0.166667
2 0.166667 0.166667
2 0.166667 0.166667
2 0.166667 0.166667
4 0.166667 0.166667 0.166667 0.166667
3 0.166667 0.166667 0.166667
4 0.166667 0.166667 0.166667 0.166667
4 0.166667 0.166667 0.166667 0.166667
2
2 0.166667 0.166667
2 0.166667 0.166667
2 0.166667 0.166667
2 0.166667 0.166667
4 0.166667 0.166667 0.166667 0.166667
3 0.166667 0.166667 0.166667
4 0.166667 0.166667 0.166667 0.166667
4 0.166667 0.166667 0.166667 0.166667
3
2 0.166667 0.166667
2 0.166667 0.166667
2 0.166667 0.166667
2 0.166667 0.166667
4 0.166667 0.166667 0.166667 0.166667
3 0.166667 0.166667 0.166667
4 0.166667 0.166667 0.166667 0.166667
4 0.166667 0.166667 0.166667 0.166667
4
2 0.166667 0.166667
2 0.166667 0.166667
2 0.166667 0.166667
2 0.166667 0.166667
4 0.166667 0.166667 0.166667 0.166667
3 0.166667 0.166667 0.166667
4 0.166667 0.166667 0.166667 0.166667
4 0.166667 0.166667 0.166667 0.166667
5
2 0.166667 0.166667
2 0.166667 0.166667
2 0.166667 0.166667
2 0.166667 0.166667
4 0.166667 0.166667 0.166667 0.166667
3 0.166667 0.166667 0.166667
4 0.166667 0.166667 0.166667 0.166667
4 0.166667 0.166667 0.166667 0.166667
6
2 0.166667 0.166667
2 0.166667 0.166667
2 0.166667 0.166667
2 0.166667 0.166667
4 0.166667 0.166667 0.166667 0.166667
3 0.166667 0.166667 0.166667
4 0.166667 0.166667 0.166667 0.166667
4 0.166667 0.166667 0.166667 0.166667
7
2 0.166667 0.166667
2 0.166667 0.166667
2 0.166667 0.166667
2 0.166667 0.166667
4 0.166667 0.166667 0.166667 0.166667
3 0.166667 0.166667 0.166667
4 0.166667 0.166667 0.166667 0.166667
4 0.166667 0.166667 0.166667 0.166667
8
2 0.166667 0.166667
2 0.166667 0.166667
2 0.166667 0.166667
2 0.166667 0.166667
4 0.166667 0.166667 0.166667 0.166667
3 0.166667 0.166667 0.166667
4 0.166667 0.166667 0.166667 0.166667
4 0.166667 0.166667 0.166667 0.166667
9
2 0.166667 0.166667
2 0.166667 0.166667
2 0.166667 0.166667
2 0.166667 0.166667
4 0.166667 0.166667 0.166667 0.166667
3 0.166667 0.166667 0.166667
4 0.166667 0.166667 0.166667 0.166667
4 0.166667 0.166667 0.166667 0.166667
10
2 0.166667 0.166667
2 0.166667 0.166667
2 0.166667 0.166667
2 0.166667 0.166667
4 0.166667 0.166667 0.166667 0.166667
3 0.166667 0.166667 0.166667
4 0.166667 0.166667 0.166667 0.166667
4 0.166667 0.166667 0.166667 0.166667
0.0833333 
0.166667 0.166667 0.166667 0.166667 0.166667 0.166667 0.166667 0.166667 
10.5 15 13.5 8.5 8 9.5 10 8.5 
11 15.5 14 9 9.16667 10.3333 11.1667 9.66667 
7 
18 
