p-RC101-P1C8-I3-V2.txt
1
8
10
30
1.5
10 1 2 3 4 5 6 7 8 9 10
2 1 2
1 1
2 1 2
2 1 2
5 1 2 3 4 5
1 1
2 1 2
2 1 2
1.37437 1.30171 1.50148 1.11006 1.02686 1.335 1.16667 1.5 
1.37437 
1.30171 
1.50148 
1.11006 
1.02686 
1.335 
1.16667 
1.5 
1
2 0.166667 0.166667
1 0.166667
2 0.166667 0.166667
2 0.166667 0.166667
5 0.166667 0.166667 0.166667 0.166667 0.166667
1 0.166667
2 0.166667 0.166667
2 0.166667 0.166667
2
2 0.166667 0.166667
1 0.166667
2 0.166667 0.166667
2 0.166667 0.166667
5 0.166667 0.166667 0.166667 0.166667 0.166667
1 0.166667
2 0.166667 0.166667
2 0.166667 0.166667
3
2 0.166667 0.166667
1 0.166667
2 0.166667 0.166667
2 0.166667 0.166667
5 0.166667 0.166667 0.166667 0.166667 0.166667
1 0.166667
2 0.166667 0.166667
2 0.166667 0.166667
4
2 0.166667 0.166667
1 0.166667
2 0.166667 0.166667
2 0.166667 0.166667
5 0.166667 0.166667 0.166667 0.166667 0.166667
1 0.166667
2 0.166667 0.166667
2 0.166667 0.166667
5
2 0.166667 0.166667
1 0.166667
2 0.166667 0.166667
2 0.166667 0.166667
5 0.166667 0.166667 0.166667 0.166667 0.166667
1 0.166667
2 0.166667 0.166667
2 0.166667 0.166667
6
2 0.166667 0.166667
1 0.166667
2 0.166667 0.166667
2 0.166667 0.166667
5 0.166667 0.166667 0.166667 0.166667 0.166667
1 0.166667
2 0.166667 0.166667
2 0.166667 0.166667
7
2 0.166667 0.166667
1 0.166667
2 0.166667 0.166667
2 0.166667 0.166667
5 0.166667 0.166667 0.166667 0.166667 0.166667
1 0.166667
2 0.166667 0.166667
2 0.166667 0.166667
8
2 0.166667 0.166667
1 0.166667
2 0.166667 0.166667
2 0.166667 0.166667
5 0.166667 0.166667 0.166667 0.166667 0.166667
1 0.166667
2 0.166667 0.166667
2 0.166667 0.166667
9
2 0.166667 0.166667
1 0.166667
2 0.166667 0.166667
2 0.166667 0.166667
5 0.166667 0.166667 0.166667 0.166667 0.166667
1 0.166667
2 0.166667 0.166667
2 0.166667 0.166667
10
2 0.166667 0.166667
1 0.166667
2 0.166667 0.166667
2 0.166667 0.166667
5 0.166667 0.166667 0.166667 0.166667 0.166667
1 0.166667
2 0.166667 0.166667
2 0.166667 0.166667
0.0833333 
0.166667 0.166667 0.166667 0.166667 0.166667 0.166667 0.166667 0.166667 
10.5 10.5 15.5 8.5 10.5 9.5 9.5 15.5 
11.3333 10.8333 16.3333 9.33333 12.8333 9.83333 10.3333 16.3333 
7 
18 
