p-RC101-P2C10-I4-V3.txt
2
10
20
30
1.5
10 1 2 3 4 5 6 7 8 9 10
10 11 12 13 14 15 16 17 18 19 20
5 1 2 3 4 5
4 1 2 3 4
3 1 2 3
5 1 2 3 4 5
5 1 2 3 4 5
1 1
3 1 2 3
3 1 2 3
1 1
3 1 2 3
1.37437 1.34371 1.2693 1.16857 1.16857 1.50148 1.31191 1.11803 1.05409 1.11754 
1.77169 1.88562 1.53659 0.339935 0.339935 0.0666667 2.73333 1.41421 1.53659 1.58079 
1.37437 1.77169 
1.34371 1.88562 
1.2693 1.53659 
1.16857 0.339935 
1.16857 0.339935 
1.50148 0.0666667 
1.31191 2.73333 
1.11803 1.41421 
1.05409 1.53659 
1.11754 1.58079 
1
5 0.166667 0.166667 0.166667 0.166667 0.166667
4 0.166667 0.166667 0.166667 0.166667
3 0.166667 0.166667 0.166667
5 0.166667 0.166667 0.166667 0.166667 0.166667
5 0.166667 0.166667 0.166667 0.166667 0.166667
1 0.166667
3 0.166667 0.166667 0.166667
3 0.166667 0.166667 0.166667
1 0.166667
3 0.166667 0.166667 0.166667
2
5 0.166667 0.166667 0.166667 0.166667 0.166667
4 0.166667 0.166667 0.166667 0.166667
3 0.166667 0.166667 0.166667
5 0.166667 0.166667 0.166667 0.166667 0.166667
5 0.166667 0.166667 0.166667 0.166667 0.166667
1 0.166667
3 0.166667 0.166667 0.166667
3 0.166667 0.166667 0.166667
1 0.166667
3 0.166667 0.166667 0.166667
3
5 0.166667 0.166667 0.166667 0.166667 0.166667
4 0.166667 0.166667 0.166667 0.166667
3 0.166667 0.166667 0.166667
5 0.166667 0.166667 0.166667 0.166667 0.166667
5 0.166667 0.166667 0.166667 0.166667 0.166667
1 0.166667
3 0.166667 0.166667 0.166667
3 0.166667 0.166667 0.166667
1 0.166667
3 0.166667 0.166667 0.166667
4
5 0.166667 0.166667 0.166667 0.166667 0.166667
4 0.166667 0.166667 0.166667 0.166667
3 0.166667 0.166667 0.166667
5 0.166667 0.166667 0.166667 0.166667 0.166667
5 0.166667 0.166667 0.166667 0.166667 0.166667
1 0.166667
3 0.166667 0.166667 0.166667
3 0.166667 0.166667 0.166667
1 0.166667
3 0.166667 0.166667 0.166667
5
5 0.166667 0.166667 0.166667 0.166667 0.166667
4 0.166667 0.166667 0.166667 0.166667
3 0.166667 0.166667 0.166667
5 0.166667 0.166667 0.166667 0.166667 0.166667
5 0.166667 0.166667 0.166667 0.166667 0.166667
1 0.166667
3 0.166667 0.166667 0.166667
3 0.166667 0.166667 0.166667
1 0.166667
3 0.166667 0.166667 0.166667
6
5 0.166667 0.166667 0.166667 0.166667 0.166667
4 0.166667 0.166667 0.166667 0.166667
3 0.166667 0.166667 0.166667
5 0.166667 0.166667 0.166667 0.166667 0.166667
5 0.166667 0.166667 0.166667 0.166667 0.166667
1 0.166667
3 0.166667 0.166667 0.166667
3 0.166667 0.166667 0.166667
1 0.166667
3 0.166667 0.166667 0.166667
7
5 0.166667 0.166667 0.166667 0.166667 0.166667
4 0.166667 0.166667 0.166667 0.166667
3 0.166667 0.166667 0.166667
5 0.166667 0.166667 0.166667 0.166667 0.166667
5 0.166667 0.166667 0.166667 0.166667 0.166667
1 0.166667
3 0.166667 0.166667 0.166667
3 0.166667 0.166667 0.166667
1 0.166667
3 0.166667 0.166667 0.166667
8
5 0.166667 0.166667 0.166667 0.166667 0.166667
4 0.166667 0.166667 0.166667 0.166667
3 0.166667 0.166667 0.166667
5 0.166667 0.166667 0.166667 0.166667 0.166667
5 0.166667 0.166667 0.166667 0.166667 0.166667
1 0.166667
3 0.166667 0.166667 0.166667
3 0.166667 0.166667 0.166667
1 0.166667
3 0.166667 0.166667 0.166667
9
5 0.166667 0.166667 0.166667 0.166667 0.166667
4 0.166667 0.166667 0.166667 0.166667
3 0.166667 0.166667 0.166667
5 0.166667 0.166667 0.166667 0.166667 0.166667
5 0.166667 0.166667 0.166667 0.166667 0.166667
1 0.166667
3 0.166667 0.166667 0.166667
3 0.166667 0.166667 0.166667
1 0.166667
3 0.166667 0.166667 0.166667
10
5 0.166667 0.166667 0.166667 0.166667 0.166667
4 0.166667 0.166667 0.166667 0.166667
3 0.166667 0.166667 0.166667
5 0.166667 0.166667 0.166667 0.166667 0.166667
5 0.166667 0.166667 0.166667 0.166667 0.166667
1 0.166667
3 0.166667 0.166667 0.166667
3 0.166667 0.166667 0.166667
1 0.166667
3 0.166667 0.166667 0.166667
11
5 0.166667 0.166667 0.166667 0.166667 0.166667
4 0.166667 0.166667 0.166667 0.166667
3 0.166667 0.166667 0.166667
5 0.166667 0.166667 0.166667 0.166667 0.166667
5 0.166667 0.166667 0.166667 0.166667 0.166667
1 0.166667
3 0.166667 0.166667 0.166667
3 0.166667 0.166667 0.166667
1 0.166667
3 0.166667 0.166667 0.166667
12
5 0.166667 0.166667 0.166667 0.166667 0.166667
4 0.166667 0.166667 0.166667 0.166667
3 0.166667 0.166667 0.166667
5 0.166667 0.166667 0.166667 0.166667 0.166667
5 0.166667 0.166667 0.166667 0.166667 0.166667
1 0.166667
3 0.166667 0.166667 0.166667
3 0.166667 0.166667 0.166667
1 0.166667
3 0.166667 0.166667 0.166667
13
5 0.166667 0.166667 0.166667 0.166667 0.166667
4 0.166667 0.166667 0.166667 0.166667
3 0.166667 0.166667 0.166667
5 0.166667 0.166667 0.166667 0.166667 0.166667
5 0.166667 0.166667 0.166667 0.166667 0.166667
1 0.166667
3 0.166667 0.166667 0.166667
3 0.166667 0.166667 0.166667
1 0.166667
3 0.166667 0.166667 0.166667
14
5 0.166667 0.166667 0.166667 0.166667 0.166667
4 0.166667 0.166667 0.166667 0.166667
3 0.166667 0.166667 0.166667
5 0.166667 0.166667 0.166667 0.166667 0.166667
5 0.166667 0.166667 0.166667 0.166667 0.166667
1 0.166667
3 0.166667 0.166667 0.166667
3 0.166667 0.166667 0.166667
1 0.166667
3 0.166667 0.166667 0.166667
15
5 0.166667 0.166667 0.166667 0.166667 0.166667
4 0.166667 0.166667 0.166667 0.166667
3 0.166667 0.166667 0.166667
5 0.166667 0.166667 0.166667 0.166667 0.166667
5 0.166667 0.166667 0.166667 0.166667 0.166667
1 0.166667
3 0.166667 0.166667 0.166667
3 0.166667 0.166667 0.166667
1 0.166667
3 0.166667 0.166667 0.166667
16
5 0.166667 0.166667 0.166667 0.166667 0.166667
4 0.166667 0.166667 0.166667 0.166667
3 0.166667 0.166667 0.166667
5 0.166667 0.166667 0.166667 0.166667 0.166667
5 0.166667 0.166667 0.166667 0.166667 0.166667
1 0.166667
3 0.166667 0.166667 0.166667
3 0.166667 0.166667 0.166667
1 0.166667
3 0.166667 0.166667 0.166667
17
5 0.166667 0.166667 0.166667 0.166667 0.166667
4 0.166667 0.166667 0.166667 0.166667
3 0.166667 0.166667 0.166667
5 0.166667 0.166667 0.166667 0.166667 0.166667
5 0.166667 0.166667 0.166667 0.166667 0.166667
1 0.166667
3 0.166667 0.166667 0.166667
3 0.166667 0.166667 0.166667
1 0.166667
3 0.166667 0.166667 0.166667
18
5 0.166667 0.166667 0.166667 0.166667 0.166667
4 0.166667 0.166667 0.166667 0.166667
3 0.166667 0.166667 0.166667
5 0.166667 0.166667 0.166667 0.166667 0.166667
5 0.166667 0.166667 0.166667 0.166667 0.166667
1 0.166667
3 0.166667 0.166667 0.166667
3 0.166667 0.166667 0.166667
1 0.166667
3 0.166667 0.166667 0.166667
19
5 0.166667 0.166667 0.166667 0.166667 0.166667
4 0.166667 0.166667 0.166667 0.166667
3 0.166667 0.166667 0.166667
5 0.166667 0.166667 0.166667 0.166667 0.166667
5 0.166667 0.166667 0.166667 0.166667 0.166667
1 0.166667
3 0.166667 0.166667 0.166667
3 0.166667 0.166667 0.166667
1 0.166667
3 0.166667 0.166667 0.166667
20
5 0.166667 0.166667 0.166667 0.166667 0.166667
4 0.166667 0.166667 0.166667 0.166667
3 0.166667 0.166667 0.166667
5 0.166667 0.166667 0.166667 0.166667 0.166667
5 0.166667 0.166667 0.166667 0.166667 0.166667
1 0.166667
3 0.166667 0.166667 0.166667
3 0.166667 0.166667 0.166667
1 0.166667
3 0.166667 0.166667 0.166667
0.0833333 0.0833333 
0.166667 0.166667 0.166667 0.166667 0.166667 0.166667 0.166667 0.166667 0.166667 0.166667 
8 8.5 8 8 8.5 8.5 8 10.5 13.5 8.5 
11.1667 11 9.83333 11.1667 11.6667 9 9.83333 12.3333 14 10.3333 
7 7 
18 18 
