p-RC101-P1C5-I2-V2.txt
1
5
10
30
1.5
10 1 2 3 4 5 6 7 8 9 10
1 1
2 1 2
1 1
1 1
1 1
1.11754 1.02686 1.30979 1.34371 1.16667 
1.11754 
1.02686 
1.30979 
1.34371 
1.16667 
1
1 0.166667
2 0.166667 0.166667
1 0.166667
1 0.166667
1 0.166667
2
1 0.166667
2 0.166667 0.166667
1 0.166667
1 0.166667
1 0.166667
3
1 0.166667
2 0.166667 0.166667
1 0.166667
1 0.166667
1 0.166667
4
1 0.166667
2 0.166667 0.166667
1 0.166667
1 0.166667
1 0.166667
5
1 0.166667
2 0.166667 0.166667
1 0.166667
1 0.166667
1 0.166667
6
1 0.166667
2 0.166667 0.166667
1 0.166667
1 0.166667
1 0.166667
7
1 0.166667
2 0.166667 0.166667
1 0.166667
1 0.166667
1 0.166667
8
1 0.166667
2 0.166667 0.166667
1 0.166667
1 0.166667
1 0.166667
9
1 0.166667
2 0.166667 0.166667
1 0.166667
1 0.166667
1 0.166667
10
1 0.166667
2 0.166667 0.166667
1 0.166667
1 0.166667
1 0.166667
0.0833333 
0.166667 0.166667 0.166667 0.166667 0.166667 
13.5 9.5 8.5 8 15.5 
13.6667 10 8.66667 8.16667 15.6667 
7 
18 
