p-RC101-P3C15-I2-V2.txt
3
15
30
30
1.5
10 1 2 3 4 5 6 7 8 9 10
10 11 12 13 14 15 16 17 18 19 20
10 21 22 23 24 25 26 27 28 29 30
3 1 2 3
3 1 2 3
4 1 2 3 4
3 1 2 3
1 1
1 1
1 1
1 1
4 1 2 3 4
2 1 2
2 1 2
1 1
5 1 2 3 4 5
3 1 2 3
1 1
1.02686 1.17851 1.17851 1.11803 1.5 1.16667 1.16857 1.16857 1.50591 1.07961 1.31191 1.50148 1.335 1.34371 1.20185 
0.339935 0.372678 1.424 1.69967 2.74874 2.4267 2.40924 2.44586 2.78408 1.39204 0.0666667 2.73333 2.60534 1.49071 0.166667 
2.37323 2.4267 1.66667 1.30171 0.166667 0.372678 0.34801 0.406885 0.3 1.60866 2.70165 0.1 0.286744 1.77169 2.54951 
1.02686 0.339935 2.37323 
1.17851 0.372678 2.4267 
1.17851 1.424 1.66667 
1.11803 1.69967 1.30171 
1.5 2.74874 0.166667 
1.16667 2.4267 0.372678 
1.16857 2.40924 0.34801 
1.16857 2.44586 0.406885 
1.50591 2.78408 0.3 
1.07961 1.39204 1.60866 
1.31191 0.0666667 2.70165 
1.50148 2.73333 0.1 
1.335 2.60534 0.286744 
1.34371 1.49071 1.77169 
1.20185 0.166667 2.54951 
1
3 0.166667 0.166667 0.166667
3 0.166667 0.166667 0.166667
4 0.166667 0.166667 0.166667 0.166667
3 0.166667 0.166667 0.166667
1 0.166667
1 0.166667
1 0.166667
1 0.166667
4 0.166667 0.166667 0.166667 0.166667
2 0.166667 0.166667
2 0.166667 0.166667
1 0.166667
5 0.166667 0.166667 0.166667 0.166667 0.166667
3 0.166667 0.166667 0.166667
1 0.166667
2
3 0.166667 0.166667 0.166667
3 0.166667 0.166667 0.166667
4 0.166667 0.166667 0.166667 0.166667
3 0.166667 0.166667 0.166667
1 0.166667
1 0.166667
1 0.166667
1 0.166667
4 0.166667 0.166667 0.166667 0.166667
2 0.166667 0.166667
2 0.166667 0.166667
1 0.166667
5 0.166667 0.166667 0.166667 0.166667 0.166667
3 0.166667 0.166667 0.166667
1 0.166667
3
3 0.166667 0.166667 0.166667
3 0.166667 0.166667 0.166667
4 0.166667 0.166667 0.166667 0.166667
3 0.166667 0.166667 0.166667
1 0.166667
1 0.166667
1 0.166667
1 0.166667
4 0.166667 0.166667 0.166667 0.166667
2 0.166667 0.166667
2 0.166667 0.166667
1 0.166667
5 0.166667 0.166667 0.166667 0.166667 0.166667
3 0.166667 0.166667 0.166667
1 0.166667
4
3 0.166667 0.166667 0.166667
3 0.166667 0.166667 0.166667
4 0.166667 0.166667 0.166667 0.166667
3 0.166667 0.166667 0.166667
1 0.166667
1 0.166667
1 0.166667
1 0.166667
4 0.166667 0.166667 0.166667 0.166667
2 0.166667 0.166667
2 0.166667 0.166667
1 0.166667
5 0.166667 0.166667 0.166667 0.166667 0.166667
3 0.166667 0.166667 0.166667
1 0.166667
5
3 0.166667 0.166667 0.166667
3 0.166667 0.166667 0.166667
4 0.166667 0.166667 0.166667 0.166667
3 0.166667 0.166667 0.166667
1 0.166667
1 0.166667
1 0.166667
1 0.166667
4 0.166667 0.166667 0.166667 0.166667
2 0.166667 0.166667
2 0.166667 0.166667
1 0.166667
5 0.166667 0.166667 0.166667 0.166667 0.166667
3 0.166667 0.166667 0.166667
1 0.166667
6
3 0.166667 0.166667 0.166667
3 0.166667 0.166667 0.166667
4 0.166667 0.166667 0.166667 0.166667
3 0.166667 0.166667 0.166667
1 0.166667
1 0.166667
1 0.166667
1 0.166667
4 0.166667 0.166667 0.166667 0.166667
2 0.166667 0.166667
2 0.166667 0.166667
1 0.166667
5 0.166667 0.166667 0.166667 0.166667 0.166667
3 0.166667 0.166667 0.166667
1 0.166667
7
3 0.166667 0.166667 0.166667
3 0.166667 0.166667 0.166667
4 0.166667 0.166667 0.166667 0.166667
3 0.166667 0.166667 0.166667
1 0.166667
1 0.166667
1 0.166667
1 0.166667
4 0.166667 0.166667 0.166667 0.166667
2 0.166667 0.166667
2 0.166667 0.166667
1 0.166667
5 0.166667 0.166667 0.166667 0.166667 0.166667
3 0.166667 0.166667 0.166667
1 0.166667
8
3 0.166667 0.166667 0.166667
3 0.166667 0.166667 0.166667
4 0.166667 0.166667 0.166667 0.166667
3 0.166667 0.166667 0.166667
1 0.166667
1 0.166667
1 0.166667
1 0.166667
4 0.166667 0.166667 0.166667 0.166667
2 0.166667 0.166667
2 0.166667 0.166667
1 0.166667
5 0.166667 0.166667 0.166667 0.166667 0.166667
3 0.166667 0.166667 0.166667
1 0.166667
9
3 0.166667 0.166667 0.166667
3 0.166667 0.166667 0.166667
4 0.166667 0.166667 0.166667 0.166667
3 0.166667 0.166667 0.166667
1 0.166667
1 0.166667
1 0.166667
1 0.166667
4 0.166667 0.166667 0.166667 0.166667
2 0.166667 0.166667
2 0.166667 0.166667
1 0.166667
5 0.166667 0.166667 0.166667 0.166667 0.166667
3 0.166667 0.166667 0.166667
1 0.166667
10
3 0.166667 0.166667 0.166667
3 0.166667 0.166667 0.166667
4 0.166667 0.166667 0.166667 0.166667
3 0.166667 0.166667 0.166667
1 0.166667
1 0.166667
1 0.166667
1 0.166667
4 0.166667 0.166667 0.166667 0.166667
2 0.166667 0.166667
2 0.166667 0.166667
1 0.166667
5 0.166667 0.166667 0.166667 0.166667 0.166667
3 0.166667 0.166667 0.166667
1 0.166667
11
3 0.166667 0.166667 0.166667
3 0.166667 0.166667 0.166667
4 0.166667 0.166667 0.166667 0.166667
3 0.166667 0.166667 0.166667
1 0.166667
1 0.166667
1 0.166667
1 0.166667
4 0.166667 0.166667 0.166667 0.166667
2 0.166667 0.166667
2 0.166667 0.166667
1 0.166667
5 0.166667 0.166667 0.166667 0.166667 0.166667
3 0.166667 0.166667 0.166667
1 0.166667
12
3 0.166667 0.166667 0.166667
3 0.166667 0.166667 0.166667
4 0.166667 0.166667 0.166667 0.166667
3 0.166667 0.166667 0.166667
1 0.166667
1 0.166667
1 0.166667
1 0.166667
4 0.166667 0.166667 0.166667 0.166667
2 0.166667 0.166667
2 0.166667 0.166667
1 0.166667
5 0.166667 0.166667 0.166667 0.166667 0.166667
3 0.166667 0.166667 0.166667
1 0.166667
13
3 0.166667 0.166667 0.166667
3 0.166667 0.166667 0.166667
4 0.166667 0.166667 0.166667 0.166667
3 0.166667 0.166667 0.166667
1 0.166667
1 0.166667
1 0.166667
1 0.166667
4 0.166667 0.166667 0.166667 0.166667
2 0.166667 0.166667
2 0.166667 0.166667
1 0.166667
5 0.166667 0.166667 0.166667 0.166667 0.166667
3 0.166667 0.166667 0.166667
1 0.166667
14
3 0.166667 0.166667 0.166667
3 0.166667 0.166667 0.166667
4 0.166667 0.166667 0.166667 0.166667
3 0.166667 0.166667 0.166667
1 0.166667
1 0.166667
1 0.166667
1 0.166667
4 0.166667 0.166667 0.166667 0.166667
2 0.166667 0.166667
2 0.166667 0.166667
1 0.166667
5 0.166667 0.166667 0.166667 0.166667 0.166667
3 0.166667 0.166667 0.166667
1 0.166667
15
3 0.166667 0.166667 0.166667
3 0.166667 0.166667 0.166667
4 0.166667 0.166667 0.166667 0.166667
3 0.166667 0.166667 0.166667
1 0.166667
1 0.166667
1 0.166667
1 0.166667
4 0.166667 0.166667 0.166667 0.166667
2 0.166667 0.166667
2 0.166667 0.166667
1 0.166667
5 0.166667 0.166667 0.166667 0.166667 0.166667
3 0.166667 0.166667 0.166667
1 0.166667
16
3 0.166667 0.166667 0.166667
3 0.166667 0.166667 0.166667
4 0.166667 0.166667 0.166667 0.166667
3 0.166667 0.166667 0.166667
1 0.166667
1 0.166667
1 0.166667
1 0.166667
4 0.166667 0.166667 0.166667 0.166667
2 0.166667 0.166667
2 0.166667 0.166667
1 0.166667
5 0.166667 0.166667 0.166667 0.166667 0.166667
3 0.166667 0.166667 0.166667
1 0.166667
17
3 0.166667 0.166667 0.166667
3 0.166667 0.166667 0.166667
4 0.166667 0.166667 0.166667 0.166667
3 0.166667 0.166667 0.166667
1 0.166667
1 0.166667
1 0.166667
1 0.166667
4 0.166667 0.166667 0.166667 0.166667
2 0.166667 0.166667
2 0.166667 0.166667
1 0.166667
5 0.166667 0.166667 0.166667 0.166667 0.166667
3 0.166667 0.166667 0.166667
1 0.166667
18
3 0.166667 0.166667 0.166667
3 0.166667 0.166667 0.166667
4 0.166667 0.166667 0.166667 0.166667
3 0.166667 0.166667 0.166667
1 0.166667
1 0.166667
1 0.166667
1 0.166667
4 0.166667 0.166667 0.166667 0.166667
2 0.166667 0.166667
2 0.166667 0.166667
1 0.166667
5 0.166667 0.166667 0.166667 0.166667 0.166667
3 0.166667 0.166667 0.166667
1 0.166667
19
3 0.166667 0.166667 0.166667
3 0.166667 0.166667 0.166667
4 0.166667 0.166667 0.166667 0.166667
3 0.166667 0.166667 0.166667
1 0.166667
1 0.166667
1 0.166667
1 0.166667
4 0.166667 0.166667 0.166667 0.166667
2 0.166667 0.166667
2 0.166667 0.166667
1 0.166667
5 0.166667 0.166667 0.166667 0.166667 0.166667
3 0.166667 0.166667 0.166667
1 0.166667
20
3 0.166667 0.166667 0.166667
3 0.166667 0.166667 0.166667
4 0.166667 0.166667 0.166667 0.166667
3 0.166667 0.166667 0.166667
1 0.166667
1 0.166667
1 0.166667
1 0.166667
4 0.166667 0.166667 0.166667 0.166667
2 0.166667 0.166667
2 0.166667 0.166667
1 0.166667
5 0.166667 0.166667 0.166667 0.166667 0.166667
3 0.166667 0.166667 0.166667
1 0.166667
21
3 0.166667 0.166667 0.166667
3 0.166667 0.166667 0.166667
4 0.166667 0.166667 0.166667 0.166667
3 0.166667 0.166667 0.166667
1 0.166667
1 0.166667
1 0.166667
1 0.166667
4 0.166667 0.166667 0.166667 0.166667
2 0.166667 0.166667
2 0.166667 0.166667
1 0.166667
5 0.166667 0.166667 0.166667 0.166667 0.166667
3 0.166667 0.166667 0.166667
1 0.166667
22
3 0.166667 0.166667 0.166667
3 0.166667 0.166667 0.166667
4 0.166667 0.166667 0.166667 0.166667
3 0.166667 0.166667 0.166667
1 0.166667
1 0.166667
1 0.166667
1 0.166667
4 0.166667 0.166667 0.166667 0.166667
2 0.166667 0.166667
2 0.166667 0.166667
1 0.166667
5 0.166667 0.166667 0.166667 0.166667 0.166667
3 0.166667 0.166667 0.166667
1 0.166667
23
3 0.166667 0.166667 0.166667
3 0.166667 0.166667 0.166667
4 0.166667 0.166667 0.166667 0.166667
3 0.166667 0.166667 0.166667
1 0.166667
1 0.166667
1 0.166667
1 0.166667
4 0.166667 0.166667 0.166667 0.166667
2 0.166667 0.166667
2 0.166667 0.166667
1 0.166667
5 0.166667 0.166667 0.166667 0.166667 0.166667
3 0.166667 0.166667 0.166667
1 0.166667
24
3 0.166667 0.166667 0.166667
3 0.166667 0.166667 0.166667
4 0.166667 0.166667 0.166667 0.166667
3 0.166667 0.166667 0.166667
1 0.166667
1 0.166667
1 0.166667
1 0.166667
4 0.166667 0.166667 0.166667 0.166667
2 0.166667 0.166667
2 0.166667 0.166667
1 0.166667
5 0.166667 0.166667 0.166667 0.166667 0.166667
3 0.166667 0.166667 0.166667
1 0.166667
25
3 0.166667 0.166667 0.166667
3 0.166667 0.166667 0.166667
4 0.166667 0.166667 0.166667 0.166667
3 0.166667 0.166667 0.166667
1 0.166667
1 0.166667
1 0.166667
1 0.166667
4 0.166667 0.166667 0.166667 0.166667
2 0.166667 0.166667
2 0.166667 0.166667
1 0.166667
5 0.166667 0.166667 0.166667 0.166667 0.166667
3 0.166667 0.166667 0.166667
1 0.166667
26
3 0.166667 0.166667 0.166667
3 0.166667 0.166667 0.166667
4 0.166667 0.166667 0.166667 0.166667
3 0.166667 0.166667 0.166667
1 0.166667
1 0.166667
1 0.166667
1 0.166667
4 0.166667 0.166667 0.166667 0.166667
2 0.166667 0.166667
2 0.166667 0.166667
1 0.166667
5 0.166667 0.166667 0.166667 0.166667 0.166667
3 0.166667 0.166667 0.166667
1 0.166667
27
3 0.166667 0.166667 0.166667
3 0.166667 0.166667 0.166667
4 0.166667 0.166667 0.166667 0.166667
3 0.166667 0.166667 0.166667
1 0.166667
1 0.166667
1 0.166667
1 0.166667
4 0.166667 0.166667 0.166667 0.166667
2 0.166667 0.166667
2 0.166667 0.166667
1 0.166667
5 0.166667 0.166667 0.166667 0.166667 0.166667
3 0.166667 0.166667 0.166667
1 0.166667
28
3 0.166667 0.166667 0.166667
3 0.166667 0.166667 0.166667
4 0.166667 0.166667 0.166667 0.166667
3 0.166667 0.166667 0.166667
1 0.166667
1 0.166667
1 0.166667
1 0.166667
4 0.166667 0.166667 0.166667 0.166667
2 0.166667 0.166667
2 0.166667 0.166667
1 0.166667
5 0.166667 0.166667 0.166667 0.166667 0.166667
3 0.166667 0.166667 0.166667
1 0.166667
29
3 0.166667 0.166667 0.166667
3 0.166667 0.166667 0.166667
4 0.166667 0.166667 0.166667 0.166667
3 0.166667 0.166667 0.166667
1 0.166667
1 0.166667
1 0.166667
1 0.166667
4 0.166667 0.166667 0.166667 0.166667
2 0.166667 0.166667
2 0.166667 0.166667
1 0.166667
5 0.166667 0.166667 0.166667 0.166667 0.166667
3 0.166667 0.166667 0.166667
1 0.166667
30
3 0.166667 0.166667 0.166667
3 0.166667 0.166667 0.166667
4 0.166667 0.166667 0.166667 0.166667
3 0.166667 0.166667 0.166667
1 0.166667
1 0.166667
1 0.166667
1 0.166667
4 0.166667 0.166667 0.166667 0.166667
2 0.166667 0.166667
2 0.166667 0.166667
1 0.166667
5 0.166667 0.166667 0.166667 0.166667 0.166667
3 0.166667 0.166667 0.166667
1 0.166667
0.0833333 0.0833333 0.0833333 
0.166667 0.166667 0.166667 0.166667 0.166667 0.166667 0.166667 0.166667 0.166667 0.166667 0.166667 0.166667 0.166667 0.166667 0.166667 
9.5 14.5 10 8 14.5 8 9.5 11.5 8 8 15.5 15 9.5 8.5 15 
10.3333 15.3333 11.1667 8.83333 14.6667 8.16667 9.66667 11.6667 9.16667 8.5 16 15.1667 11 9.33333 15.1667 
7 7 7 
18 18 18 
