p-RC101-P2C10-I4-V2.txt
2
10
20
30
1.5
10 1 2 3 4 5 6 7 8 9 10
10 11 12 13 14 15 16 17 18 19 20
3 1 2 3
4 1 2 3 4
4 1 2 3 4
1 1
3 1 2 3
4 1 2 3 4
4 1 2 3 4
2 1 2
2 1 2
4 1 2 3 4
1.11754 1.16667 1.16857 1.34371 1.37437 1.50591 1.16857 1.50923 1.2693 1.11803 
0.0666667 1.30171 1.25122 0.372678 0.333333 1.62652 1.3536 1.43372 1.58114 0.166667 
1.11754 0.0666667 
1.16667 1.30171 
1.16857 1.25122 
1.34371 0.372678 
1.37437 0.333333 
1.50591 1.62652 
1.16857 1.3536 
1.50923 1.43372 
1.2693 1.58114 
1.11803 0.166667 
1
3 0.166667 0.166667 0.166667
4 0.166667 0.166667 0.166667 0.166667
4 0.166667 0.166667 0.166667 0.166667
1 0.166667
3 0.166667 0.166667 0.166667
4 0.166667 0.166667 0.166667 0.166667
4 0.166667 0.166667 0.166667 0.166667
2 0.166667 0.166667
2 0.166667 0.166667
4 0.166667 0.166667 0.166667 0.166667
2
3 0.166667 0.166667 0.166667
4 0.166667 0.166667 0.166667 0.166667
4 0.166667 0.166667 0.166667 0.166667
1 0.166667
3 0.166667 0.166667 0.166667
4 0.166667 0.166667 0.166667 0.166667
4 0.166667 0.166667 0.166667 0.166667
2 0.166667 0.166667
2 0.166667 0.166667
4 0.166667 0.166667 0.166667 0.166667
3
3 0.166667 0.166667 0.166667
4 0.166667 0.166667 0.166667 0.166667
4 0.166667 0.166667 0.166667 0.166667
1 0.166667
3 0.166667 0.166667 0.166667
4 0.166667 0.166667 0.166667 0.166667
4 0.166667 0.166667 0.166667 0.166667
2 0.166667 0.166667
2 0.166667 0.166667
4 0.166667 0.166667 0.166667 0.166667
4
3 0.166667 0.166667 0.166667
4 0.166667 0.166667 0.166667 0.166667
4 0.166667 0.166667 0.166667 0.166667
1 0.166667
3 0.166667 0.166667 0.166667
4 0.166667 0.166667 0.166667 0.166667
4 0.166667 0.166667 0.166667 0.166667
2 0.166667 0.166667
2 0.166667 0.166667
4 0.166667 0.166667 0.166667 0.166667
5
3 0.166667 0.166667 0.166667
4 0.166667 0.166667 0.166667 0.166667
4 0.166667 0.166667 0.166667 0.166667
1 0.166667
3 0.166667 0.166667 0.166667
4 0.166667 0.166667 0.166667 0.166667
4 0.166667 0.166667 0.166667 0.166667
2 0.166667 0.166667
2 0.166667 0.166667
4 0.166667 0.166667 0.166667 0.166667
6
3 0.166667 0.166667 0.166667
4 0.166667 0.166667 0.166667 0.166667
4 0.166667 0.166667 0.166667 0.166667
1 0.166667
3 0.166667 0.166667 0.166667
4 0.166667 0.166667 0.166667 0.166667
4 0.166667 0.166667 0.166667 0.166667
2 0.166667 0.166667
2 0.166667 0.166667
4 0.166667 0.166667 0.166667 0.166667
7
3 0.166667 0.166667 0.166667
4 0.166667 0.166667 0.166667 0.166667
4 0.166667 0.166667 0.166667 0.166667
1 0.166667
3 0.166667 0.166667 0.166667
4 0.166667 0.166667 0.166667 0.166667
4 0.166667 0.166667 0.166667 0.166667
2 0.166667 0.166667
2 0.166667 0.166667
4 0.166667 0.166667 0.166667 0.166667
8
3 0.166667 0.166667 0.166667
4 0.166667 0.166667 0.166667 0.166667
4 0.166667 0.166667 0.166667 0.166667
1 0.166667
3 0.166667 0.166667 0.166667
4 0.166667 0.166667 0.166667 0.166667
4 0.166667 0.166667 0.166667 0.166667
2 0.166667 0.166667
2 0.166667 0.166667
4 0.166667 0.166667 0.166667 0.166667
9
3 0.166667 0.166667 0.166667
4 0.166667 0.166667 0.166667 0.166667
4 0.166667 0.166667 0.166667 0.166667
1 0.166667
3 0.166667 0.166667 0.166667
4 0.166667 0.166667 0.166667 0.166667
4 0.166667 0.166667 0.166667 0.166667
2 0.166667 0.166667
2 0.166667 0.166667
4 0.166667 0.166667 0.166667 0.166667
10
3 0.166667 0.166667 0.166667
4 0.166667 0.166667 0.166667 0.166667
4 0.166667 0.166667 0.166667 0.166667
1 0.166667
3 0.166667 0.166667 0.166667
4 0.166667 0.166667 0.166667 0.166667
4 0.166667 0.166667 0.166667 0.166667
2 0.166667 0.166667
2 0.166667 0.166667
4 0.166667 0.166667 0.166667 0.166667
11
3 0.166667 0.166667 0.166667
4 0.166667 0.166667 0.166667 0.166667
4 0.166667 0.166667 0.166667 0.166667
1 0.166667
3 0.166667 0.166667 0.166667
4 0.166667 0.166667 0.166667 0.166667
4 0.166667 0.166667 0.166667 0.166667
2 0.166667 0.166667
2 0.166667 0.166667
4 0.166667 0.166667 0.166667 0.166667
12
3 0.166667 0.166667 0.166667
4 0.166667 0.166667 0.166667 0.166667
4 0.166667 0.166667 0.166667 0.166667
1 0.166667
3 0.166667 0.166667 0.166667
4 0.166667 0.166667 0.166667 0.166667
4 0.166667 0.166667 0.166667 0.166667
2 0.166667 0.166667
2 0.166667 0.166667
4 0.166667 0.166667 0.166667 0.166667
13
3 0.166667 0.166667 0.166667
4 0.166667 0.166667 0.166667 0.166667
4 0.166667 0.166667 0.166667 0.166667
1 0.166667
3 0.166667 0.166667 0.166667
4 0.166667 0.166667 0.166667 0.166667
4 0.166667 0.166667 0.166667 0.166667
2 0.166667 0.166667
2 0.166667 0.166667
4 0.166667 0.166667 0.166667 0.166667
14
3 0.166667 0.166667 0.166667
4 0.166667 0.166667 0.166667 0.166667
4 0.166667 0.166667 0.166667 0.166667
1 0.166667
3 0.166667 0.166667 0.166667
4 0.166667 0.166667 0.166667 0.166667
4 0.166667 0.166667 0.166667 0.166667
2 0.166667 0.166667
2 0.166667 0.166667
4 0.166667 0.166667 0.166667 0.166667
15
3 0.166667 0.166667 0.166667
4 0.166667 0.166667 0.166667 0.166667
4 0.166667 0.166667 0.166667 0.166667
1 0.166667
3 0.166667 0.166667 0.166667
4 0.166667 0.166667 0.166667 0.166667
4 0.166667 0.166667 0.166667 0.166667
2 0.166667 0.166667
2 0.166667 0.166667
4 0.166667 0.166667 0.166667 0.166667
16
3 0.166667 0.166667 0.166667
4 0.166667 0.166667 0.166667 0.166667
4 0.166667 0.166667 0.166667 0.166667
1 0.166667
3 0.166667 0.166667 0.166667
4 0.166667 0.166667 0.166667 0.166667
4 0.166667 0.166667 0.166667 0.166667
2 0.166667 0.166667
2 0.166667 0.166667
4 0.166667 0.166667 0.166667 0.166667
17
3 0.166667 0.166667 0.166667
4 0.166667 0.166667 0.166667 0.166667
4 0.166667 0.166667 0.166667 0.166667
1 0.166667
3 0.166667 0.166667 0.166667
4 0.166667 0.166667 0.166667 0.166667
4 0.166667 0.166667 0.166667 0.166667
2 0.166667 0.166667
2 0.166667 0.166667
4 0.166667 0.166667 0.166667 0.166667
18
3 0.166667 0.166667 0.166667
4 0.166667 0.166667 0.166667 0.166667
4 0.166667 0.166667 0.166667 0.166667
1 0.166667
3 0.166667 0.166667 0.166667
4 0.166667 0.166667 0.166667 0.166667
4 0.166667 0.166667 0.166667 0.166667
2 0.166667 0.166667
2 0.166667 0.166667
4 0.166667 0.166667 0.166667 0.166667
19
3 0.166667 0.166667 0.166667
4 0.166667 0.166667 0.166667 0.166667
4 0.166667 0.166667 0.166667 0.166667
1 0.166667
3 0.166667 0.166667 0.166667
4 0.166667 0.166667 0.166667 0.166667
4 0.166667 0.166667 0.166667 0.166667
2 0.166667 0.166667
2 0.166667 0.166667
4 0.166667 0.166667 0.166667 0.166667
20
3 0.166667 0.166667 0.166667
4 0.166667 0.166667 0.166667 0.166667
4 0.166667 0.166667 0.166667 0.166667
1 0.166667
3 0.166667 0.166667 0.166667
4 0.166667 0.166667 0.166667 0.166667
4 0.166667 0.166667 0.166667 0.166667
2 0.166667 0.166667
2 0.166667 0.166667
4 0.166667 0.166667 0.166667 0.166667
0.0833333 0.0833333 
0.166667 0.166667 0.166667 0.166667 0.166667 0.166667 0.166667 0.166667 0.166667 0.166667 
9 8 8 11 13.5 11 13.5 9.5 15 8 
10.8333 10.5 10.5 11.5 15.3333 13.5 16 10.6667 16.1667 10.5 
7 7 
18 18 
