p-RC101-P2C10-I3-V1.txt
2
10
20
30
1.5
10 1 2 3 4 5 6 7 8 9 10
10 11 12 13 14 15 16 17 18 19 20
3 1 2 3
1 1
1 1
3 1 2 3
3 1 2 3
3 1 2 3
5 1 2 3 4 5
4 1 2 3 4
1 1
1 1
1.335 1.34371 1.16857 1.11803 1.07961 1.11754 1.50923 1.50148 1.30979 1.17851 
0.179505 2.78408 0.339935 1.51144 1.79382 1.67365 0.3 0.2 1.82239 1.8622 
1.335 0.179505 
1.34371 2.78408 
1.16857 0.339935 
1.11803 1.51144 
1.07961 1.79382 
1.11754 1.67365 
1.50923 0.3 
1.50148 0.2 
1.30979 1.82239 
1.17851 1.8622 
1
3 0.166667 0.166667 0.166667
1 0.166667
1 0.166667
3 0.166667 0.166667 0.166667
3 0.166667 0.166667 0.166667
3 0.166667 0.166667 0.166667
5 0.166667 0.166667 0.166667 0.166667 0.166667
4 0.166667 0.166667 0.166667 0.166667
1 0.166667
1 0.166667
2
3 0.166667 0.166667 0.166667
1 0.166667
1 0.166667
3 0.166667 0.166667 0.166667
3 0.166667 0.166667 0.166667
3 0.166667 0.166667 0.166667
5 0.166667 0.166667 0.166667 0.166667 0.166667
4 0.166667 0.166667 0.166667 0.166667
1 0.166667
1 0.166667
3
3 0.166667 0.166667 0.166667
1 0.166667
1 0.166667
3 0.166667 0.166667 0.166667
3 0.166667 0.166667 0.166667
3 0.166667 0.166667 0.166667
5 0.166667 0.166667 0.166667 0.166667 0.166667
4 0.166667 0.166667 0.166667 0.166667
1 0.166667
1 0.166667
4
3 0.166667 0.166667 0.166667
1 0.166667
1 0.166667
3 0.166667 0.166667 0.166667
3 0.166667 0.166667 0.166667
3 0.166667 0.166667 0.166667
5 0.166667 0.166667 0.166667 0.166667 0.166667
4 0.166667 0.166667 0.166667 0.166667
1 0.166667
1 0.166667
5
3 0.166667 0.166667 0.166667
1 0.166667
1 0.166667
3 0.166667 0.166667 0.166667
3 0.166667 0.166667 0.166667
3 0.166667 0.166667 0.166667
5 0.166667 0.166667 0.166667 0.166667 0.166667
4 0.166667 0.166667 0.166667 0.166667
1 0.166667
1 0.166667
6
3 0.166667 0.166667 0.166667
1 0.166667
1 0.166667
3 0.166667 0.166667 0.166667
3 0.166667 0.166667 0.166667
3 0.166667 0.166667 0.166667
5 0.166667 0.166667 0.166667 0.166667 0.166667
4 0.166667 0.166667 0.166667 0.166667
1 0.166667
1 0.166667
7
3 0.166667 0.166667 0.166667
1 0.166667
1 0.166667
3 0.166667 0.166667 0.166667
3 0.166667 0.166667 0.166667
3 0.166667 0.166667 0.166667
5 0.166667 0.166667 0.166667 0.166667 0.166667
4 0.166667 0.166667 0.166667 0.166667
1 0.166667
1 0.166667
8
3 0.166667 0.166667 0.166667
1 0.166667
1 0.166667
3 0.166667 0.166667 0.166667
3 0.166667 0.166667 0.166667
3 0.166667 0.166667 0.166667
5 0.166667 0.166667 0.166667 0.166667 0.166667
4 0.166667 0.166667 0.166667 0.166667
1 0.166667
1 0.166667
9
3 0.166667 0.166667 0.166667
1 0.166667
1 0.166667
3 0.166667 0.166667 0.166667
3 0.166667 0.166667 0.166667
3 0.166667 0.166667 0.166667
5 0.166667 0.166667 0.166667 0.166667 0.166667
4 0.166667 0.166667 0.166667 0.166667
1 0.166667
1 0.166667
10
3 0.166667 0.166667 0.166667
1 0.166667
1 0.166667
3 0.166667 0.166667 0.166667
3 0.166667 0.166667 0.166667
3 0.166667 0.166667 0.166667
5 0.166667 0.166667 0.166667 0.166667 0.166667
4 0.166667 0.166667 0.166667 0.166667
1 0.166667
1 0.166667
11
3 0.166667 0.166667 0.166667
1 0.166667
1 0.166667
3 0.166667 0.166667 0.166667
3 0.166667 0.166667 0.166667
3 0.166667 0.166667 0.166667
5 0.166667 0.166667 0.166667 0.166667 0.166667
4 0.166667 0.166667 0.166667 0.166667
1 0.166667
1 0.166667
12
3 0.166667 0.166667 0.166667
1 0.166667
1 0.166667
3 0.166667 0.166667 0.166667
3 0.166667 0.166667 0.166667
3 0.166667 0.166667 0.166667
5 0.166667 0.166667 0.166667 0.166667 0.166667
4 0.166667 0.166667 0.166667 0.166667
1 0.166667
1 0.166667
13
3 0.166667 0.166667 0.166667
1 0.166667
1 0.166667
3 0.166667 0.166667 0.166667
3 0.166667 0.166667 0.166667
3 0.166667 0.166667 0.166667
5 0.166667 0.166667 0.166667 0.166667 0.166667
4 0.166667 0.166667 0.166667 0.166667
1 0.166667
1 0.166667
14
3 0.166667 0.166667 0.166667
1 0.166667
1 0.166667
3 0.166667 0.166667 0.166667
3 0.166667 0.166667 0.166667
3 0.166667 0.166667 0.166667
5 0.166667 0.166667 0.166667 0.166667 0.166667
4 0.166667 0.166667 0.166667 0.166667
1 0.166667
1 0.166667
15
3 0.166667 0.166667 0.166667
1 0.166667
1 0.166667
3 0.166667 0.166667 0.166667
3 0.166667 0.166667 0.166667
3 0.166667 0.166667 0.166667
5 0.166667 0.166667 0.166667 0.166667 0.166667
4 0.166667 0.166667 0.166667 0.166667
1 0.166667
1 0.166667
16
3 0.166667 0.166667 0.166667
1 0.166667
1 0.166667
3 0.166667 0.166667 0.166667
3 0.166667 0.166667 0.166667
3 0.166667 0.166667 0.166667
5 0.166667 0.166667 0.166667 0.166667 0.166667
4 0.166667 0.166667 0.166667 0.166667
1 0.166667
1 0.166667
17
3 0.166667 0.166667 0.166667
1 0.166667
1 0.166667
3 0.166667 0.166667 0.166667
3 0.166667 0.166667 0.166667
3 0.166667 0.166667 0.166667
5 0.166667 0.166667 0.166667 0.166667 0.166667
4 0.166667 0.166667 0.166667 0.166667
1 0.166667
1 0.166667
18
3 0.166667 0.166667 0.166667
1 0.166667
1 0.166667
3 0.166667 0.166667 0.166667
3 0.166667 0.166667 0.166667
3 0.166667 0.166667 0.166667
5 0.166667 0.166667 0.166667 0.166667 0.166667
4 0.166667 0.166667 0.166667 0.166667
1 0.166667
1 0.166667
19
3 0.166667 0.166667 0.166667
1 0.166667
1 0.166667
3 0.166667 0.166667 0.166667
3 0.166667 0.166667 0.166667
3 0.166667 0.166667 0.166667
5 0.166667 0.166667 0.166667 0.166667 0.166667
4 0.166667 0.166667 0.166667 0.166667
1 0.166667
1 0.166667
20
3 0.166667 0.166667 0.166667
1 0.166667
1 0.166667
3 0.166667 0.166667 0.166667
3 0.166667 0.166667 0.166667
3 0.166667 0.166667 0.166667
5 0.166667 0.166667 0.166667 0.166667 0.166667
4 0.166667 0.166667 0.166667 0.166667
1 0.166667
1 0.166667
0.0833333 0.0833333 
0.166667 0.166667 0.166667 0.166667 0.166667 0.166667 0.166667 0.166667 0.166667 0.166667 
8 16 11 9 9 10.5 9 13.5 14 13.5 
9.33333 16.3333 11.3333 10.3333 10.3333 11.8333 11.3333 15.3333 14.3333 13.8333 
7 7 
18 18 
