p-RC101-P2C15-I2-V3.txt
2
15
20
30
1.5
10 1 2 3 4 5 6 7 8 9 10
10 11 12 13 14 15 16 17 18 19 20
1 1
4 1 2 3 4
2 1 2
1 1
3 1 2 3
2 1 2
2 1 2
1 1
1 1
5 1 2 3 4 5
5 1 2 3 4 5
4 1 2 3 4
2 1 2
1 1
2 1 2
1.335 1.20185 1.16667 1.50148 1.05409 1.2693 1.34371 1.16857 1.02686 1.11803 1.16857 1.11006 1.11754 1.50923 1.2693 
2.58736 0.179505 2.40924 2.71948 1.55242 0.1 1.52169 2.4267 0.333333 1.71399 2.39351 0.359011 1.57092 2.70165 1.76037 
1.335 2.58736 
1.20185 0.179505 
1.16667 2.40924 
1.50148 2.71948 
1.05409 1.55242 
1.2693 0.1 
1.34371 1.52169 
1.16857 2.4267 
1.02686 0.333333 
1.11803 1.71399 
1.16857 2.39351 
1.11006 0.359011 
1.11754 1.57092 
1.50923 2.70165 
1.2693 1.76037 
1
1 0.166667
4 0.166667 0.166667 0.166667 0.166667
2 0.166667 0.166667
1 0.166667
3 0.166667 0.166667 0.166667
2 0.166667 0.166667
2 0.166667 0.166667
1 0.166667
1 0.166667
5 0.166667 0.166667 0.166667 0.166667 0.166667
5 0.166667 0.166667 0.166667 0.166667 0.166667
4 0.166667 0.166667 0.166667 0.166667
2 0.166667 0.166667
1 0.166667
2 0.166667 0.166667
2
1 0.166667
4 0.166667 0.166667 0.166667 0.166667
2 0.166667 0.166667
1 0.166667
3 0.166667 0.166667 0.166667
2 0.166667 0.166667
2 0.166667 0.166667
1 0.166667
1 0.166667
5 0.166667 0.166667 0.166667 0.166667 0.166667
5 0.166667 0.166667 0.166667 0.166667 0.166667
4 0.166667 0.166667 0.166667 0.166667
2 0.166667 0.166667
1 0.166667
2 0.166667 0.166667
3
1 0.166667
4 0.166667 0.166667 0.166667 0.166667
2 0.166667 0.166667
1 0.166667
3 0.166667 0.166667 0.166667
2 0.166667 0.166667
2 0.166667 0.166667
1 0.166667
1 0.166667
5 0.166667 0.166667 0.166667 0.166667 0.166667
5 0.166667 0.166667 0.166667 0.166667 0.166667
4 0.166667 0.166667 0.166667 0.166667
2 0.166667 0.166667
1 0.166667
2 0.166667 0.166667
4
1 0.166667
4 0.166667 0.166667 0.166667 0.166667
2 0.166667 0.166667
1 0.166667
3 0.166667 0.166667 0.166667
2 0.166667 0.166667
2 0.166667 0.166667
1 0.166667
1 0.166667
5 0.166667 0.166667 0.166667 0.166667 0.166667
5 0.166667 0.166667 0.166667 0.166667 0.166667
4 0.166667 0.166667 0.166667 0.166667
2 0.166667 0.166667
1 0.166667
2 0.166667 0.166667
5
1 0.166667
4 0.166667 0.166667 0.166667 0.166667
2 0.166667 0.166667
1 0.166667
3 0.166667 0.166667 0.166667
2 0.166667 0.166667
2 0.166667 0.166667
1 0.166667
1 0.166667
5 0.166667 0.166667 0.166667 0.166667 0.166667
5 0.166667 0.166667 0.166667 0.166667 0.166667
4 0.166667 0.166667 0.166667 0.166667
2 0.166667 0.166667
1 0.166667
2 0.166667 0.166667
6
1 0.166667
4 0.166667 0.166667 0.166667 0.166667
2 0.166667 0.166667
1 0.166667
3 0.166667 0.166667 0.166667
2 0.166667 0.166667
2 0.166667 0.166667
1 0.166667
1 0.166667
5 0.166667 0.166667 0.166667 0.166667 0.166667
5 0.166667 0.166667 0.166667 0.166667 0.166667
4 0.166667 0.166667 0.166667 0.166667
2 0.166667 0.166667
1 0.166667
2 0.166667 0.166667
7
1 0.166667
4 0.166667 0.166667 0.166667 0.166667
2 0.166667 0.166667
1 0.166667
3 0.166667 0.166667 0.166667
2 0.166667 0.166667
2 0.166667 0.166667
1 0.166667
1 0.166667
5 0.166667 0.166667 0.166667 0.166667 0.166667
5 0.166667 0.166667 0.166667 0.166667 0.166667
4 0.166667 0.166667 0.166667 0.166667
2 0.166667 0.166667
1 0.166667
2 0.166667 0.166667
8
1 0.166667
4 0.166667 0.166667 0.166667 0.166667
2 0.166667 0.166667
1 0.166667
3 0.166667 0.166667 0.166667
2 0.166667 0.166667
2 0.166667 0.166667
1 0.166667
1 0.166667
5 0.166667 0.166667 0.166667 0.166667 0.166667
5 0.166667 0.166667 0.166667 0.166667 0.166667
4 0.166667 0.166667 0.166667 0.166667
2 0.166667 0.166667
1 0.166667
2 0.166667 0.166667
9
1 0.166667
4 0.166667 0.166667 0.166667 0.166667
2 0.166667 0.166667
1 0.166667
3 0.166667 0.166667 0.166667
2 0.166667 0.166667
2 0.166667 0.166667
1 0.166667
1 0.166667
5 0.166667 0.166667 0.166667 0.166667 0.166667
5 0.166667 0.166667 0.166667 0.166667 0.166667
4 0.166667 0.166667 0.166667 0.166667
2 0.166667 0.166667
1 0.166667
2 0.166667 0.166667
10
1 0.166667
4 0.166667 0.166667 0.166667 0.166667
2 0.166667 0.166667
1 0.166667
3 0.166667 0.166667 0.166667
2 0.166667 0.166667
2 0.166667 0.166667
1 0.166667
1 0.166667
5 0.166667 0.166667 0.166667 0.166667 0.166667
5 0.166667 0.166667 0.166667 0.166667 0.166667
4 0.166667 0.166667 0.166667 0.166667
2 0.166667 0.166667
1 0.166667
2 0.166667 0.166667
11
1 0.166667
4 0.166667 0.166667 0.166667 0.166667
2 0.166667 0.166667
1 0.166667
3 0.166667 0.166667 0.166667
2 0.166667 0.166667
2 0.166667 0.166667
1 0.166667
1 0.166667
5 0.166667 0.166667 0.166667 0.166667 0.166667
5 0.166667 0.166667 0.166667 0.166667 0.166667
4 0.166667 0.166667 0.166667 0.166667
2 0.166667 0.166667
1 0.166667
2 0.166667 0.166667
12
1 0.166667
4 0.166667 0.166667 0.166667 0.166667
2 0.166667 0.166667
1 0.166667
3 0.166667 0.166667 0.166667
2 0.166667 0.166667
2 0.166667 0.166667
1 0.166667
1 0.166667
5 0.166667 0.166667 0.166667 0.166667 0.166667
5 0.166667 0.166667 0.166667 0.166667 0.166667
4 0.166667 0.166667 0.166667 0.166667
2 0.166667 0.166667
1 0.166667
2 0.166667 0.166667
13
1 0.166667
4 0.166667 0.166667 0.166667 0.166667
2 0.166667 0.166667
1 0.166667
3 0.166667 0.166667 0.166667
2 0.166667 0.166667
2 0.166667 0.166667
1 0.166667
1 0.166667
5 0.166667 0.166667 0.166667 0.166667 0.166667
5 0.166667 0.166667 0.166667 0.166667 0.166667
4 0.166667 0.166667 0.166667 0.166667
2 0.166667 0.166667
1 0.166667
2 0.166667 0.166667
14
1 0.166667
4 0.166667 0.166667 0.166667 0.166667
2 0.166667 0.166667
1 0.166667
3 0.166667 0.166667 0.166667
2 0.166667 0.166667
2 0.166667 0.166667
1 0.166667
1 0.166667
5 0.166667 0.166667 0.166667 0.166667 0.166667
5 0.166667 0.166667 0.166667 0.166667 0.166667
4 0.166667 0.166667 0.166667 0.166667
2 0.166667 0.166667
1 0.166667
2 0.166667 0.166667
15
1 0.166667
4 0.166667 0.166667 0.166667 0.166667
2 0.166667 0.166667
1 0.166667
3 0.166667 0.166667 0.166667
2 0.166667 0.166667
2 0.166667 0.166667
1 0.166667
1 0.166667
5 0.166667 0.166667 0.166667 0.166667 0.166667
5 0.166667 0.166667 0.166667 0.166667 0.166667
4 0.166667 0.166667 0.166667 0.166667
2 0.166667 0.166667
1 0.166667
2 0.166667 0.166667
16
1 0.166667
4 0.166667 0.166667 0.166667 0.166667
2 0.166667 0.166667
1 0.166667
3 0.166667 0.166667 0.166667
2 0.166667 0.166667
2 0.166667 0.166667
1 0.166667
1 0.166667
5 0.166667 0.166667 0.166667 0.166667 0.166667
5 0.166667 0.166667 0.166667 0.166667 0.166667
4 0.166667 0.166667 0.166667 0.166667
2 0.166667 0.166667
1 0.166667
2 0.166667 0.166667
17
1 0.166667
4 0.166667 0.166667 0.166667 0.166667
2 0.166667 0.166667
1 0.166667
3 0.166667 0.166667 0.166667
2 0.166667 0.166667
2 0.166667 0.166667
1 0.166667
1 0.166667
5 0.166667 0.166667 0.166667 0.166667 0.166667
5 0.166667 0.166667 0.166667 0.166667 0.166667
4 0.166667 0.166667 0.166667 0.166667
2 0.166667 0.166667
1 0.166667
2 0.166667 0.166667
18
1 0.166667
4 0.166667 0.166667 0.166667 0.166667
2 0.166667 0.166667
1 0.166667
3 0.166667 0.166667 0.166667
2 0.166667 0.166667
2 0.166667 0.166667
1 0.166667
1 0.166667
5 0.166667 0.166667 0.166667 0.166667 0.166667
5 0.166667 0.166667 0.166667 0.166667 0.166667
4 0.166667 0.166667 0.166667 0.166667
2 0.166667 0.166667
1 0.166667
2 0.166667 0.166667
19
1 0.166667
4 0.166667 0.166667 0.166667 0.166667
2 0.166667 0.166667
1 0.166667
3 0.166667 0.166667 0.166667
2 0.166667 0.166667
2 0.166667 0.166667
1 0.166667
1 0.166667
5 0.166667 0.166667 0.166667 0.166667 0.166667
5 0.166667 0.166667 0.166667 0.166667 0.166667
4 0.166667 0.166667 0.166667 0.166667
2 0.166667 0.166667
1 0.166667
2 0.166667 0.166667
20
1 0.166667
4 0.166667 0.166667 0.166667 0.166667
2 0.166667 0.166667
1 0.166667
3 0.166667 0.166667 0.166667
2 0.166667 0.166667
2 0.166667 0.166667
1 0.166667
1 0.166667
5 0.166667 0.166667 0.166667 0.166667 0.166667
5 0.166667 0.166667 0.166667 0.166667 0.166667
4 0.166667 0.166667 0.166667 0.166667
2 0.166667 0.166667
1 0.166667
2 0.166667 0.166667
0.0833333 0.0833333 
0.166667 0.166667 0.166667 0.166667 0.166667 0.166667 0.166667 0.166667 0.166667 0.166667 0.166667 0.166667 0.166667 0.166667 0.166667 
15 10.5 13.5 8 10.5 11 16 9.5 16.5 10 15 14 16 14.5 10 
15.1667 11.6667 14 8.16667 11.3333 11.5 16.5 9.66667 16.6667 11.5 16.5 15.1667 16.5 14.6667 10.5 
7 7 
18 18 
