p-RC101-P1C5-I4-V1.txt
1
5
10
30
1.5
10 1 2 3 4 5 6 7 8 9 10
1 1
2 1 2
1 1
3 1 2 3
2 1 2
1.50923 1.16857 1.17851 1.50591 1.07961 
1.50923 
1.16857 
1.17851 
1.50591 
1.07961 
1
1 0.166667
2 0.166667 0.166667
1 0.166667
3 0.166667 0.166667 0.166667
2 0.166667 0.166667
2
1 0.166667
2 0.166667 0.166667
1 0.166667
3 0.166667 0.166667 0.166667
2 0.166667 0.166667
3
1 0.166667
2 0.166667 0.166667
1 0.166667
3 0.166667 0.166667 0.166667
2 0.166667 0.166667
4
1 0.166667
2 0.166667 0.166667
1 0.166667
3 0.166667 0.166667 0.166667
2 0.166667 0.166667
5
1 0.166667
2 0.166667 0.166667
1 0.166667
3 0.166667 0.166667 0.166667
2 0.166667 0.166667
6
1 0.166667
2 0.166667 0.166667
1 0.166667
3 0.166667 0.166667 0.166667
2 0.166667 0.166667
7
1 0.166667
2 0.166667 0.166667
1 0.166667
3 0.166667 0.166667 0.166667
2 0.166667 0.166667
8
1 0.166667
2 0.166667 0.166667
1 0.166667
3 0.166667 0.166667 0.166667
2 0.166667 0.166667
9
1 0.166667
2 0.166667 0.166667
1 0.166667
3 0.166667 0.166667 0.166667
2 0.166667 0.166667
10
1 0.166667
2 0.166667 0.166667
1 0.166667
3 0.166667 0.166667 0.166667
2 0.166667 0.166667
0.0833333 
0.166667 0.166667 0.166667 0.166667 0.166667 
16 13.5 9.5 9.5 8.5 
16.5 14.6667 10 11.3333 9.66667 
7 
18 
