p-RC101-P1C5-I4-V2.txt
1
5
10
30
1.5
10 1 2 3 4 5 6 7 8 9 10
4 1 2 3 4
2 1 2
2 1 2
2 1 2
1 1
1.07961 1.50148 1.34371 1.2693 1.30979 
1.07961 
1.50148 
1.34371 
1.2693 
1.30979 
1
4 0.166667 0.166667 0.166667 0.166667
2 0.166667 0.166667
2 0.166667 0.166667
2 0.166667 0.166667
1 0.166667
2
4 0.166667 0.166667 0.166667 0.166667
2 0.166667 0.166667
2 0.166667 0.166667
2 0.166667 0.166667
1 0.166667
3
4 0.166667 0.166667 0.166667 0.166667
2 0.166667 0.166667
2 0.166667 0.166667
2 0.166667 0.166667
1 0.166667
4
4 0.166667 0.166667 0.166667 0.166667
2 0.166667 0.166667
2 0.166667 0.166667
2 0.166667 0.166667
1 0.166667
5
4 0.166667 0.166667 0.166667 0.166667
2 0.166667 0.166667
2 0.166667 0.166667
2 0.166667 0.166667
1 0.166667
6
4 0.166667 0.166667 0.166667 0.166667
2 0.166667 0.166667
2 0.166667 0.166667
2 0.166667 0.166667
1 0.166667
7
4 0.166667 0.166667 0.166667 0.166667
2 0.166667 0.166667
2 0.166667 0.166667
2 0.166667 0.166667
1 0.166667
8
4 0.166667 0.166667 0.166667 0.166667
2 0.166667 0.166667
2 0.166667 0.166667
2 0.166667 0.166667
1 0.166667
9
4 0.166667 0.166667 0.166667 0.166667
2 0.166667 0.166667
2 0.166667 0.166667
2 0.166667 0.166667
1 0.166667
10
4 0.166667 0.166667 0.166667 0.166667
2 0.166667 0.166667
2 0.166667 0.166667
2 0.166667 0.166667
1 0.166667
0.0833333 
0.166667 0.166667 0.166667 0.166667 0.166667 
9 15.5 8 8.5 14 
11.5 16.6667 9.16667 9.66667 14.5 
7 
18 
