p-RC101-P3C15-I4-V3.txt
3
15
30
30
1.5
10 1 2 3 4 5 6 7 8 9 10
10 11 12 13 14 15 16 17 18 19 20
10 21 22 23 24 25 26 27 28 29 30
5 1 2 3 4 5
4 1 2 3 4
3 1 2 3
4 1 2 3 4
3 1 2 3
4 1 2 3 4
3 1 2 3
1 1
4 1 2 3 4
5 1 2 3 4 5
1 1
1 1
1 1
2 1 2
5 1 2 3 4 5
1.16857 1.07961 1.17851 1.30979 1.34371 1.50923 1.34371 1.05409 1.5 1.11006 1.11803 1.02686 1.2693 1.50591 1.31191 
1.28625 0.34801 0.333333 0.194365 0.372678 1.41421 1.74005 0.235702 1.53659 1.40198 0.166667 1.44875 1.79505 1.64012 1.76037 
1.51621 0.314466 0.235702 0.0666667 0.166667 1.64992 1.64148 0.333333 1.77169 1.31191 0.372678 1.378 1.71594 1.87409 1.66966 
1.16857 1.28625 1.51621 
1.07961 0.34801 0.314466 
1.17851 0.333333 0.235702 
1.30979 0.194365 0.0666667 
1.34371 0.372678 0.166667 
1.50923 1.41421 1.64992 
1.34371 1.74005 1.64148 
1.05409 0.235702 0.333333 
1.5 1.53659 1.77169 
1.11006 1.40198 1.31191 
1.11803 0.166667 0.372678 
1.02686 1.44875 1.378 
1.2693 1.79505 1.71594 
1.50591 1.64012 1.87409 
1.31191 1.76037 1.66966 
1
5 0.166667 0.166667 0.166667 0.166667 0.166667
4 0.166667 0.166667 0.166667 0.166667
3 0.166667 0.166667 0.166667
4 0.166667 0.166667 0.166667 0.166667
3 0.166667 0.166667 0.166667
4 0.166667 0.166667 0.166667 0.166667
3 0.166667 0.166667 0.166667
1 0.166667
4 0.166667 0.166667 0.166667 0.166667
5 0.166667 0.166667 0.166667 0.166667 0.166667
1 0.166667
1 0.166667
1 0.166667
2 0.166667 0.166667
5 0.166667 0.166667 0.166667 0.166667 0.166667
2
5 0.166667 0.166667 0.166667 0.166667 0.166667
4 0.166667 0.166667 0.166667 0.166667
3 0.166667 0.166667 0.166667
4 0.166667 0.166667 0.166667 0.166667
3 0.166667 0.166667 0.166667
4 0.166667 0.166667 0.166667 0.166667
3 0.166667 0.166667 0.166667
1 0.166667
4 0.166667 0.166667 0.166667 0.166667
5 0.166667 0.166667 0.166667 0.166667 0.166667
1 0.166667
1 0.166667
1 0.166667
2 0.166667 0.166667
5 0.166667 0.166667 0.166667 0.166667 0.166667
3
5 0.166667 0.166667 0.166667 0.166667 0.166667
4 0.166667 0.166667 0.166667 0.166667
3 0.166667 0.166667 0.166667
4 0.166667 0.166667 0.166667 0.166667
3 0.166667 0.166667 0.166667
4 0.166667 0.166667 0.166667 0.166667
3 0.166667 0.166667 0.166667
1 0.166667
4 0.166667 0.166667 0.166667 0.166667
5 0.166667 0.166667 0.166667 0.166667 0.166667
1 0.166667
1 0.166667
1 0.166667
2 0.166667 0.166667
5 0.166667 0.166667 0.166667 0.166667 0.166667
4
5 0.166667 0.166667 0.166667 0.166667 0.166667
4 0.166667 0.166667 0.166667 0.166667
3 0.166667 0.166667 0.166667
4 0.166667 0.166667 0.166667 0.166667
3 0.166667 0.166667 0.166667
4 0.166667 0.166667 0.166667 0.166667
3 0.166667 0.166667 0.166667
1 0.166667
4 0.166667 0.166667 0.166667 0.166667
5 0.166667 0.166667 0.166667 0.166667 0.166667
1 0.166667
1 0.166667
1 0.166667
2 0.166667 0.166667
5 0.166667 0.166667 0.166667 0.166667 0.166667
5
5 0.166667 0.166667 0.166667 0.166667 0.166667
4 0.166667 0.166667 0.166667 0.166667
3 0.166667 0.166667 0.166667
4 0.166667 0.166667 0.166667 0.166667
3 0.166667 0.166667 0.166667
4 0.166667 0.166667 0.166667 0.166667
3 0.166667 0.166667 0.166667
1 0.166667
4 0.166667 0.166667 0.166667 0.166667
5 0.166667 0.166667 0.166667 0.166667 0.166667
1 0.166667
1 0.166667
1 0.166667
2 0.166667 0.166667
5 0.166667 0.166667 0.166667 0.166667 0.166667
6
5 0.166667 0.166667 0.166667 0.166667 0.166667
4 0.166667 0.166667 0.166667 0.166667
3 0.166667 0.166667 0.166667
4 0.166667 0.166667 0.166667 0.166667
3 0.166667 0.166667 0.166667
4 0.166667 0.166667 0.166667 0.166667
3 0.166667 0.166667 0.166667
1 0.166667
4 0.166667 0.166667 0.166667 0.166667
5 0.166667 0.166667 0.166667 0.166667 0.166667
1 0.166667
1 0.166667
1 0.166667
2 0.166667 0.166667
5 0.166667 0.166667 0.166667 0.166667 0.166667
7
5 0.166667 0.166667 0.166667 0.166667 0.166667
4 0.166667 0.166667 0.166667 0.166667
3 0.166667 0.166667 0.166667
4 0.166667 0.166667 0.166667 0.166667
3 0.166667 0.166667 0.166667
4 0.166667 0.166667 0.166667 0.166667
3 0.166667 0.166667 0.166667
1 0.166667
4 0.166667 0.166667 0.166667 0.166667
5 0.166667 0.166667 0.166667 0.166667 0.166667
1 0.166667
1 0.166667
1 0.166667
2 0.166667 0.166667
5 0.166667 0.166667 0.166667 0.166667 0.166667
8
5 0.166667 0.166667 0.166667 0.166667 0.166667
4 0.166667 0.166667 0.166667 0.166667
3 0.166667 0.166667 0.166667
4 0.166667 0.166667 0.166667 0.166667
3 0.166667 0.166667 0.166667
4 0.166667 0.166667 0.166667 0.166667
3 0.166667 0.166667 0.166667
1 0.166667
4 0.166667 0.166667 0.166667 0.166667
5 0.166667 0.166667 0.166667 0.166667 0.166667
1 0.166667
1 0.166667
1 0.166667
2 0.166667 0.166667
5 0.166667 0.166667 0.166667 0.166667 0.166667
9
5 0.166667 0.166667 0.166667 0.166667 0.166667
4 0.166667 0.166667 0.166667 0.166667
3 0.166667 0.166667 0.166667
4 0.166667 0.166667 0.166667 0.166667
3 0.166667 0.166667 0.166667
4 0.166667 0.166667 0.166667 0.166667
3 0.166667 0.166667 0.166667
1 0.166667
4 0.166667 0.166667 0.166667 0.166667
5 0.166667 0.166667 0.166667 0.166667 0.166667
1 0.166667
1 0.166667
1 0.166667
2 0.166667 0.166667
5 0.166667 0.166667 0.166667 0.166667 0.166667
10
5 0.166667 0.166667 0.166667 0.166667 0.166667
4 0.166667 0.166667 0.166667 0.166667
3 0.166667 0.166667 0.166667
4 0.166667 0.166667 0.166667 0.166667
3 0.166667 0.166667 0.166667
4 0.166667 0.166667 0.166667 0.166667
3 0.166667 0.166667 0.166667
1 0.166667
4 0.166667 0.166667 0.166667 0.166667
5 0.166667 0.166667 0.166667 0.166667 0.166667
1 0.166667
1 0.166667
1 0.166667
2 0.166667 0.166667
5 0.166667 0.166667 0.166667 0.166667 0.166667
11
5 0.166667 0.166667 0.166667 0.166667 0.166667
4 0.166667 0.166667 0.166667 0.166667
3 0.166667 0.166667 0.166667
4 0.166667 0.166667 0.166667 0.166667
3 0.166667 0.166667 0.166667
4 0.166667 0.166667 0.166667 0.166667
3 0.166667 0.166667 0.166667
1 0.166667
4 0.166667 0.166667 0.166667 0.166667
5 0.166667 0.166667 0.166667 0.166667 0.166667
1 0.166667
1 0.166667
1 0.166667
2 0.166667 0.166667
5 0.166667 0.166667 0.166667 0.166667 0.166667
12
5 0.166667 0.166667 0.166667 0.166667 0.166667
4 0.166667 0.166667 0.166667 0.166667
3 0.166667 0.166667 0.166667
4 0.166667 0.166667 0.166667 0.166667
3 0.166667 0.166667 0.166667
4 0.166667 0.166667 0.166667 0.166667
3 0.166667 0.166667 0.166667
1 0.166667
4 0.166667 0.166667 0.166667 0.166667
5 0.166667 0.166667 0.166667 0.166667 0.166667
1 0.166667
1 0.166667
1 0.166667
2 0.166667 0.166667
5 0.166667 0.166667 0.166667 0.166667 0.166667
13
5 0.166667 0.166667 0.166667 0.166667 0.166667
4 0.166667 0.166667 0.166667 0.166667
3 0.166667 0.166667 0.166667
4 0.166667 0.166667 0.166667 0.166667
3 0.166667 0.166667 0.166667
4 0.166667 0.166667 0.166667 0.166667
3 0.166667 0.166667 0.166667
1 0.166667
4 0.166667 0.166667 0.166667 0.166667
5 0.166667 0.166667 0.166667 0.166667 0.166667
1 0.166667
1 0.166667
1 0.166667
2 0.166667 0.166667
5 0.166667 0.166667 0.166667 0.166667 0.166667
14
5 0.166667 0.166667 0.166667 0.166667 0.166667
4 0.166667 0.166667 0.166667 0.166667
3 0.166667 0.166667 0.166667
4 0.166667 0.166667 0.166667 0.166667
3 0.166667 0.166667 0.166667
4 0.166667 0.166667 0.166667 0.166667
3 0.166667 0.166667 0.166667
1 0.166667
4 0.166667 0.166667 0.166667 0.166667
5 0.166667 0.166667 0.166667 0.166667 0.166667
1 0.166667
1 0.166667
1 0.166667
2 0.166667 0.166667
5 0.166667 0.166667 0.166667 0.166667 0.166667
15
5 0.166667 0.166667 0.166667 0.166667 0.166667
4 0.166667 0.166667 0.166667 0.166667
3 0.166667 0.166667 0.166667
4 0.166667 0.166667 0.166667 0.166667
3 0.166667 0.166667 0.166667
4 0.166667 0.166667 0.166667 0.166667
3 0.166667 0.166667 0.166667
1 0.166667
4 0.166667 0.166667 0.166667 0.166667
5 0.166667 0.166667 0.166667 0.166667 0.166667
1 0.166667
1 0.166667
1 0.166667
2 0.166667 0.166667
5 0.166667 0.166667 0.166667 0.166667 0.166667
16
5 0.166667 0.166667 0.166667 0.166667 0.166667
4 0.166667 0.166667 0.166667 0.166667
3 0.166667 0.166667 0.166667
4 0.166667 0.166667 0.166667 0.166667
3 0.166667 0.166667 0.166667
4 0.166667 0.166667 0.166667 0.166667
3 0.166667 0.166667 0.166667
1 0.166667
4 0.166667 0.166667 0.166667 0.166667
5 0.166667 0.166667 0.166667 0.166667 0.166667
1 0.166667
1 0.166667
1 0.166667
2 0.166667 0.166667
5 0.166667 0.166667 0.166667 0.166667 0.166667
17
5 0.166667 0.166667 0.166667 0.166667 0.166667
4 0.166667 0.166667 0.166667 0.166667
3 0.166667 0.166667 0.166667
4 0.166667 0.166667 0.166667 0.166667
3 0.166667 0.166667 0.166667
4 0.166667 0.166667 0.166667 0.166667
3 0.166667 0.166667 0.166667
1 0.166667
4 0.166667 0.166667 0.166667 0.166667
5 0.166667 0.166667 0.166667 0.166667 0.166667
1 0.166667
1 0.166667
1 0.166667
2 0.166667 0.166667
5 0.166667 0.166667 0.166667 0.166667 0.166667
18
5 0.166667 0.166667 0.166667 0.166667 0.166667
4 0.166667 0.166667 0.166667 0.166667
3 0.166667 0.166667 0.166667
4 0.166667 0.166667 0.166667 0.166667
3 0.166667 0.166667 0.166667
4 0.166667 0.166667 0.166667 0.166667
3 0.166667 0.166667 0.166667
1 0.166667
4 0.166667 0.166667 0.166667 0.166667
5 0.166667 0.166667 0.166667 0.166667 0.166667
1 0.166667
1 0.166667
1 0.166667
2 0.166667 0.166667
5 0.166667 0.166667 0.166667 0.166667 0.166667
19
5 0.166667 0.166667 0.166667 0.166667 0.166667
4 0.166667 0.166667 0.166667 0.166667
3 0.166667 0.166667 0.166667
4 0.166667 0.166667 0.166667 0.166667
3 0.166667 0.166667 0.166667
4 0.166667 0.166667 0.166667 0.166667
3 0.166667 0.166667 0.166667
1 0.166667
4 0.166667 0.166667 0.166667 0.166667
5 0.166667 0.166667 0.166667 0.166667 0.166667
1 0.166667
1 0.166667
1 0.166667
2 0.166667 0.166667
5 0.166667 0.166667 0.166667 0.166667 0.166667
20
5 0.166667 0.166667 0.166667 0.166667 0.166667
4 0.166667 0.166667 0.166667 0.166667
3 0.166667 0.166667 0.166667
4 0.166667 0.166667 0.166667 0.166667
3 0.166667 0.166667 0.166667
4 0.166667 0.166667 0.166667 0.166667
3 0.166667 0.166667 0.166667
1 0.166667
4 0.166667 0.166667 0.166667 0.166667
5 0.166667 0.166667 0.166667 0.166667 0.166667
1 0.166667
1 0.166667
1 0.166667
2 0.166667 0.166667
5 0.166667 0.166667 0.166667 0.166667 0.166667
21
5 0.166667 0.166667 0.166667 0.166667 0.166667
4 0.166667 0.166667 0.166667 0.166667
3 0.166667 0.166667 0.166667
4 0.166667 0.166667 0.166667 0.166667
3 0.166667 0.166667 0.166667
4 0.166667 0.166667 0.166667 0.166667
3 0.166667 0.166667 0.166667
1 0.166667
4 0.166667 0.166667 0.166667 0.166667
5 0.166667 0.166667 0.166667 0.166667 0.166667
1 0.166667
1 0.166667
1 0.166667
2 0.166667 0.166667
5 0.166667 0.166667 0.166667 0.166667 0.166667
22
5 0.166667 0.166667 0.166667 0.166667 0.166667
4 0.166667 0.166667 0.166667 0.166667
3 0.166667 0.166667 0.166667
4 0.166667 0.166667 0.166667 0.166667
3 0.166667 0.166667 0.166667
4 0.166667 0.166667 0.166667 0.166667
3 0.166667 0.166667 0.166667
1 0.166667
4 0.166667 0.166667 0.166667 0.166667
5 0.166667 0.166667 0.166667 0.166667 0.166667
1 0.166667
1 0.166667
1 0.166667
2 0.166667 0.166667
5 0.166667 0.166667 0.166667 0.166667 0.166667
23
5 0.166667 0.166667 0.166667 0.166667 0.166667
4 0.166667 0.166667 0.166667 0.166667
3 0.166667 0.166667 0.166667
4 0.166667 0.166667 0.166667 0.166667
3 0.166667 0.166667 0.166667
4 0.166667 0.166667 0.166667 0.166667
3 0.166667 0.166667 0.166667
1 0.166667
4 0.166667 0.166667 0.166667 0.166667
5 0.166667 0.166667 0.166667 0.166667 0.166667
1 0.166667
1 0.166667
1 0.166667
2 0.166667 0.166667
5 0.166667 0.166667 0.166667 0.166667 0.166667
24
5 0.166667 0.166667 0.166667 0.166667 0.166667
4 0.166667 0.166667 0.166667 0.166667
3 0.166667 0.166667 0.166667
4 0.166667 0.166667 0.166667 0.166667
3 0.166667 0.166667 0.166667
4 0.166667 0.166667 0.166667 0.166667
3 0.166667 0.166667 0.166667
1 0.166667
4 0.166667 0.166667 0.166667 0.166667
5 0.166667 0.166667 0.166667 0.166667 0.166667
1 0.166667
1 0.166667
1 0.166667
2 0.166667 0.166667
5 0.166667 0.166667 0.166667 0.166667 0.166667
25
5 0.166667 0.166667 0.166667 0.166667 0.166667
4 0.166667 0.166667 0.166667 0.166667
3 0.166667 0.166667 0.166667
4 0.166667 0.166667 0.166667 0.166667
3 0.166667 0.166667 0.166667
4 0.166667 0.166667 0.166667 0.166667
3 0.166667 0.166667 0.166667
1 0.166667
4 0.166667 0.166667 0.166667 0.166667
5 0.166667 0.166667 0.166667 0.166667 0.166667
1 0.166667
1 0.166667
1 0.166667
2 0.166667 0.166667
5 0.166667 0.166667 0.166667 0.166667 0.166667
26
5 0.166667 0.166667 0.166667 0.166667 0.166667
4 0.166667 0.166667 0.166667 0.166667
3 0.166667 0.166667 0.166667
4 0.166667 0.166667 0.166667 0.166667
3 0.166667 0.166667 0.166667
4 0.166667 0.166667 0.166667 0.166667
3 0.166667 0.166667 0.166667
1 0.166667
4 0.166667 0.166667 0.166667 0.166667
5 0.166667 0.166667 0.166667 0.166667 0.166667
1 0.166667
1 0.166667
1 0.166667
2 0.166667 0.166667
5 0.166667 0.166667 0.166667 0.166667 0.166667
27
5 0.166667 0.166667 0.166667 0.166667 0.166667
4 0.166667 0.166667 0.166667 0.166667
3 0.166667 0.166667 0.166667
4 0.166667 0.166667 0.166667 0.166667
3 0.166667 0.166667 0.166667
4 0.166667 0.166667 0.166667 0.166667
3 0.166667 0.166667 0.166667
1 0.166667
4 0.166667 0.166667 0.166667 0.166667
5 0.166667 0.166667 0.166667 0.166667 0.166667
1 0.166667
1 0.166667
1 0.166667
2 0.166667 0.166667
5 0.166667 0.166667 0.166667 0.166667 0.166667
28
5 0.166667 0.166667 0.166667 0.166667 0.166667
4 0.166667 0.166667 0.166667 0.166667
3 0.166667 0.166667 0.166667
4 0.166667 0.166667 0.166667 0.166667
3 0.166667 0.166667 0.166667
4 0.166667 0.166667 0.166667 0.166667
3 0.166667 0.166667 0.166667
1 0.166667
4 0.166667 0.166667 0.166667 0.166667
5 0.166667 0.166667 0.166667 0.166667 0.166667
1 0.166667
1 0.166667
1 0.166667
2 0.166667 0.166667
5 0.166667 0.166667 0.166667 0.166667 0.166667
29
5 0.166667 0.166667 0.166667 0.166667 0.166667
4 0.166667 0.166667 0.166667 0.166667
3 0.166667 0.166667 0.166667
4 0.166667 0.166667 0.166667 0.166667
3 0.166667 0.166667 0.166667
4 0.166667 0.166667 0.166667 0.166667
3 0.166667 0.166667 0.166667
1 0.166667
4 0.166667 0.166667 0.166667 0.166667
5 0.166667 0.166667 0.166667 0.166667 0.166667
1 0.166667
1 0.166667
1 0.166667
2 0.166667 0.166667
5 0.166667 0.166667 0.166667 0.166667 0.166667
30
5 0.166667 0.166667 0.166667 0.166667 0.166667
4 0.166667 0.166667 0.166667 0.166667
3 0.166667 0.166667 0.166667
4 0.166667 0.166667 0.166667 0.166667
3 0.166667 0.166667 0.166667
4 0.166667 0.166667 0.166667 0.166667
3 0.166667 0.166667 0.166667
1 0.166667
4 0.166667 0.166667 0.166667 0.166667
5 0.166667 0.166667 0.166667 0.166667 0.166667
1 0.166667
1 0.166667
1 0.166667
2 0.166667 0.166667
5 0.166667 0.166667 0.166667 0.166667 0.166667
0.0833333 0.0833333 0.0833333 
0.166667 0.166667 0.166667 0.166667 0.166667 0.166667 0.166667 0.166667 0.166667 0.166667 0.166667 0.166667 0.166667 0.166667 0.166667 
8.5 8.5 9.5 9 9 8.5 9 11 8.5 13.5 14.5 15.5 11 9 8.5 
11.6667 11 11.3333 11.5 10.8333 11 10.8333 11.5 11 16.6667 15 16 11.5 10.1667 11.6667 
7 7 7 
18 18 18 
