T-M-V1
2
4
5
20
1.5
3 1 2 3 
2 4 5 
2 1 2 
1 1 
3 1 2 3 
2 1 2 
0.412311 0.316228 0.291548 0.460977 
0.531507 0.460977 0.269258 0.316228 
0.412311 0.531507 
0.316228 0.460977 
0.291548 0.269258 
0.460977 0.316228 
1
2	0.2	0.2	
1	0.2	
3	0.2	0.2	0.2	
2	0.2	0.2	
2
2	0.2	0.2	
1	0.2	
3	0.2	0.2	0.2	
2	0.2	0.2	
3
2	0.2	0.2	
1	0.2	
3	0.2	0.2	0.2	
2	0.2	0.2	
4
2	0.2	0.2	
1	0.2	
3	0.2	0.2	0.2	
2	0.2	0.2	
5
2	0.2	0.2	
1	0.2	
3	0.2	0.2	0.2	
2	0.2	0.2	
0.0833333	0.0833333	
0.3	0.3	0.3	0.3	
8 8 8 8 
9 9 10 9.5 
8 8 
16 16 
